epoch,temperature,windSpeed,pressure,humidity,precipIntensity,visibility,p1,p2
1547676000 22.68 4.04 1020.9 0.78 0 10 96.4305555556 43.0388888889
1547679600 21.72 3.97 1020.9 0.79 0 10 85.590952381 37.2519047619
1547683200 24.11 2.8 1020.2 0.79 0 10 76.0865 36.5125
1547686800 22.75 2.75 1020.3 0.8 0 10 51.9795454545 26.8109090909
1547690400 21.15 2.98 1020.5 0.8 0 10 28.9186363636 16.2645454545
1547694000 19.71 3.24 1020.6 0.81 0 10 25.1828571429 13.4847619048
1547697600 18.77 2.88 1020.7 0.81 0 10 27.6325 15.2175
1547701200 17.89 2.95 1020.8 0.81 0 10 45.6779166667 25.75375
1547704800 19.23 2.86 1020.6 0.81 0 10 103.086363636 48.725
1547708400 23.22 2.9 1020.6 0.81 0 10 71.54 43.812173913
1547712000 29.64 2.89 1020.6 0.79 0 10 45.38 29.3054545455
1547715600 35.26 2.92 1020.4 0.76 0 10 37.64 25.6404166667
1547719200 39.02 3.01 1020 0.73 0 10 65.131 44.716
1547722800 41.73 3.11 1019.4 0.71 0 10 78.046 53.714
1547726400 40.94 4.95 1018.9 0.71 0 10 66.0338095238 44.6133333333
1547730000 39.85 4.33 1018.9 0.73 0 10 67.0718181818 40.4404545455
1547733600 37.54 3.55 1019.1 0.75 0 9.84 93.1 50.7880952381
1547737200 34.88 3.08 1019.3 0.79 0 9.469 123.910555556 60.6005555556
1547740800 31.7 3.01 1019.5 0.81 0 10 159.032083333 70.1575
1547744400 28.29 3.21 1019.7 0.81 0 10 176.884347826 81.2791304348
1547748000 26.09 4.06 1019.3 0.8 0 10 162.129545455 72.3072727273
1547751600 24.29 3.72 1019.4 0.79 0 10 163.500833333 76.9741666667
1547755200 22.95 3.43 1019.5 0.81 0 10 230.882173913 96.597826087
1547758800 22.02 3.47 1019.5 0.82 0 10 131.370869565 60.7904347826
1548280800 34.63 4.11 998.1 0.86 0.0013 6.426 54.3129166667 28.9366666667
1548284400 34.99 3.97 997.4 0.86 0.0035 6.327 33.4560869565 19.14
1548288000 37.16 3.8 996.9 0.86 0.0058 5.736 20.3892 11.8204
1548291600 37.22 4.05 996.3 0.87 0.0045 5.368 9.47458333333 5.32916666667
1548295200 37.08 4.13 995.9 0.86 0.003 4.991 13.1741666667 7.16333333333
1548298800 36.89 3.74 995.5 0.86 0.003 4.705 2.45291666667 1.63875
1548302400 36.72 3.33 995.4 0.86 0.0034 4.561 1.7872 1.2756
1548306000 36.64 3.12 995.5 0.86 0.0037 4.505 2.67708333333 1.77208333333
1548309600 36.53 3.85 995.8 0.89 0.0033 4.297 17.2129166667 10.5454166667
1548313200 37.57 3.43 996.1 0.91 0.0018 4.491 28.665 16.245
1548316800 39.75 2.59 996.4 0.92 0.0005 4.652 20.8316666667 13.6533333333
1548320400 41.57 2.22 996.7 0.92 0.0004 4.799 30.0512 17.9732
1548324000 43.34 2.53 997 0.89 0.0013 4.135 26.1758333333 16.1654166667
1548327600 44.96 3.27 997.1 0.87 0.0044 3.314 21.8654166667 13.9404166667
1548331200 43.28 3.49 998.2 0.9 0.0083 5.169 22.5708333333 13.9529166667
1548334800 42.72 3.61 998.8 0.91 0.0112 5.129 25.6348 16.3132
1548338400 41.4 4.41 999.4 0.92 0.0138 4.995 26.8404166667 17.0670833333
1548342000 40.18 4.75 1000.1 0.92 0.0164 4.584 34.705 21.9425
1548345600 39.09 4.57 1000.8 0.91 0.0197 3.971 35.46125 22.0466666667
1548349200 37.88 4.03 1001.6 0.9 0.0241 3.072 35.9243478261 21.482173913
1548352800 36.63 2.92 1002.5 0.88 0.0242 4.802 34.39 19.9966666667
1548356400 35.98 2.94 1003.3 0.87 0.0157 4.817 31.6844 19.6176
1548360000 35.53 3.2 1004.1 0.86 0.0063 4.817 33.8166666667 19.9366666667
1548363600 35.03 3.58 1004.8 0.87 0.002 4.829 27.8608333333 17.80125
1548885600 37.42 2.28 1003.6 0.9 0.0078 4.7 82.3304166667 36.8166666667
1548889200 36.75 2.46 1003.6 0.88 0.004 4.92 56.3542857143 33.18
1548892800 36.63 3.44 1003.4 0.87 0.0027 5.443 45.75 26.605
1548896400 35.96 3.39 1003.6 0.87 0.0014 5.285 26.96125 15.80625
1548900000 35.18 3.2 1003.7 0.86 0.0003 4.979 17.599 11.326
1548903600 34.71 2.94 1003.8 0.86 0.0003 4.919 25.1155555556 16.2811111111
1548907200 34.21 2.88 1003.9 0.85 0.0003 5.435 27.8973913043 18.2552173913
1548910800 33.65 2.72 1003.9 0.85 0 6.296 32.2216666667 20.2895833333
1548914400 32.86 1.75 1004 0.87 0 7.413 61.93125 38.6591666667
1548918000 34.29 1.88 1004 0.87 0 8.162 113.230416667 66.1370833333
1548921600 37.46 2.44 1003.7 0.83 0 8.821 158.9724 83.6532
1548925200 40.02 2.87 1003.7 0.81 0 9.37 217.24875 106.05
1548928800 42.47 3.31 1003.8 0.76 0 9.672 121.94125 68.17875
1548932400 44.93 3.76 1003.5 0.71 0 9.684 98.386 56.897
1548936000 43.32 3.42 1002.9 0.74 0.0004 6.575 83.9156 49.4724
1548939600 43.03 3.8 1003.3 0.76 0.0031 5.822 75.4008333333 43.375
1548943200 42.27 4.14 1003.9 0.79 0.0106 5.192 71.4608333333 43.4291666667
1548946800 41.06 4.53 1004.6 0.83 0.016 4.717 47.995 29.2091666667
1548950400 39.72 6.05 1005.5 0.84 0.0111 4.344 13.5904166667 9.20833333333
1548954000 38.61 5.58 1006.5 0.85 0.0048 4.605 8.32 5.45083333333
1548957600 37.85 6.5 1007.1 0.85 0.0027 7.244 7.95666666667 5.14708333333
1548961200 36.63 6.42 1008.2 0.84 0.0013 7.986 16.0752173913 8.51652173913
1548964800 35.38 6.27 1009.1 0.83 0.0002 8.591 16.3745833333 8.95666666667
1548968400 34.08 5.81 1010.1 0.83 0 9.101 9.52291666667 5.57916666667
1549490400 34.22 3.89 1025 0.88 0.0167 1.31 8.95458333333 5.59875
1549494000 34.03 3.82 1024.9 0.86 0.0115 1.525 11.8258333333 7.24875
1549497600 33.9 5.96 1024.9 0.83 0.0074 5.207 17.3066666667 8.76166666667
1549501200 33.6 5.65 1024.8 0.82 0.0045 5.553 5.49458333333 3.31
1549504800 33.1 5.2 1024.7 0.82 0.0025 5.38 5.4008 3.3648
1549508400 32.9 4.58 1024.8 0.8 0.0013 5.221 7.37047619048 4.2880952381
1549512000 32.59 4.06 1024.8 0.8 0.0007 4.864 22.755 10.9575
1549515600 32.3 3.76 1025.1 0.8 0.0005 4.977 57.8661904762 27.4933333333
1549519200 31.38 3.67 1025.1 0.84 0.0003 4.908 59.8523809524 28.6666666667
1549522800 32.03 4.09 1025.1 0.83 0 5.48 26.0963636364 16.0563636364
1549526400 33.78 4.24 1025.2 0.81 0 6.578 20.2938888889 12.48
1549530000 35.58 4.99 1024.8 0.79 0 7.683 20.0585714286 12.4023809524
1549533600 37.92 5.73 1024.3 0.75 0.0003 9.224 29.5204761905 17.1652380952
1549537200 39.92 5.9 1023.8 0.7 0 10 19.0825 11.1425
1549540800 38.3 6.02 1023.3 0.71 0 10 19.3017647059 10.9535294118
1549544400 38.64 5.85 1022.9 0.72 0 10 28.3757142857 15.1328571429
1549548000 39.01 5.5 1022.8 0.72 0 10 35.2359090909 21.1409090909
1549551600 38.46 4.92 1022.7 0.74 0 10 31.7725 16.3541666667
1549555200 36.6 4.5 1022.9 0.76 0 9.998 26.4095833333 15.3766666667
1549558800 34.71 3.74 1023.2 0.78 0 9.448 28.86125 16.5654166667
1549562400 33.03 2.98 1023.1 0.8 0 7.082 28.92625 17.0829166667
1549566000 31.97 2.46 1023.5 0.8 0 6.216 30.0383333333 15.5841666667
1549569600 31 2.54 1023.2 0.8 0 5.507 41.2812 23.0132
1549573200 30.2 2.58 1023 0.81 0 5.063 62.09375 31.8845833333
1550095200 22.93 3.13 1034.2 0.77 0 10 34.9524 17.5464
1550098800 21.58 2.66 1034.1 0.76 0 10 12.1116666667 6.67416666667
1550102400 22.6 3.91 1033.4 0.73 0 10 8.40125 4.97583333333
1550106000 21.62 3.7 1033.3 0.74 0 10 11.3358333333 7.04125
1550109600 20.67 3.46 1033.2 0.76 0 10 17.3496 10.2084
1550113200 20.15 2.72 1033.1 0.77 0 10 21.36 11.7391666667
1550116800 20.37 2.63 1033.1 0.77 0 10 23.8304166667 12.8175
1550120400 20.87 3.07 1033.1 0.77 0 10 22.9220833333 12.45875
1550124000 22.23 3.27 1033.1 0.76 0 10 23.494 12.41
1550127600 25.13 3.79 1032.8 0.75 0 10 22.9708333333 12.9441666667
1550131200 29.65 4.1 1032.1 0.72 0 10 19.1154166667 11.6383333333
1550134800 33.56 4.43 1031.3 0.68 0 10 13.3754166667 8.99625
1550138400 36.72 4.94 1030.4 0.65 0 10 11.5444 7.6148
1550142000 39.67 5.56 1029.4 0.61 0 10 11.1604166667 7.92458333333
1550145600 41.3 7.17 1028.9 0.56 0 10 13.3458333333 9.11583333333
1550149200 41.83 7.37 1028.6 0.58 0 10 18.2991666667 10.8241666667
1550152800 41.01 6.9 1028.4 0.62 0.0003 10 23.7588 14.3216
1550156400 38.51 6.39 1028.4 0.68 0.0006 10 32.7183333333 18.3033333333
1550160000 37.22 5.23 1028.6 0.72 0.0009 10 36.9945833333 21.38875
1550163600 35.7 5.18 1028.9 0.75 0.0011 10 36.4895833333 21.2833333333
1550167200 34.13 5.39 1029 0.79 0.0013 10 44.7932 23.8024
1550170800 32.76 4.77 1029.1 0.8 0.0013 8.951 42.2345833333 23.7125
1550174400 31.47 4.11 1029.1 0.81 0.0011 7.133 37.86 21.66875
1550178000 30.57 3.63 1029 0.82 0.0012 5.781 44.4116666667 24.825
1550700000 34.02 3.21 1024.6 0.78 0 8.643 33.2525 20.60625
1550703600 33.14 3.49 1024.7 0.78 0 8.818 40.7673684211 23.6063157895
1550707200 34.79 3.5 1024.1 0.76 0 8.772 42.8083333333 24.66125
1550710800 33.66 3.72 1024.4 0.76 0 8.753 42.6856 24.0036
1550714400 32.49 4.12 1024.8 0.77 0 8.774 27.615 15.68
1550718000 31.82 4.59 1025.2 0.77 0 8.803 25.2675 14.5275
1550721600 30.83 4.62 1025.7 0.79 0 8.608 26.6841666667 14.8508333333
1550725200 30.52 4.74 1026.5 0.78 0 8.421 25.0126086957 13.1556521739
1550728800 31.25 5.48 1026.7 0.77 0 9.487 27.6408695652 14.5439130435
1550732400 35.23 5.68 1027 0.72 0 10 29.1720833333 16.4316666667
1550736000 40.1 5.73 1026.8 0.63 0 10 31.3704 18.5924
1550739600 44.02 5.49 1026.7 0.53 0 10 23.6595833333 15.5608333333
1550743200 46.25 5.44 1026.4 0.47 0 10 24.755 16.3920833333
1550746800 48.48 5.5 1025.9 0.42 0 10 16.72625 11.67875
1550750400 50.94 5.23 1025.4 0.33 0 10 17.1408 11.612
1550754000 51.84 5.45 1024.9 0.32 0 10 16.5195833333 10.6858333333
1550757600 51.58 5.83 1024.7 0.36 0 10 23.1645833333 15.5708333333
1550761200 48.08 5.9 1024.7 0.44 0 10 23.7929166667 14.51375
1550764800 45.13 5.43 1025 0.52 0 10 41.3904 24.1664
1550768400 40.96 5 1025.6 0.6 0 10 46.4458333333 25.75875
1550772000 37.39 5.53 1025.7 0.65 0 10 40.3120833333 21.8325
1550775600 34.95 4.95 1025.8 0.69 0 10 36.1383333333 19.1054166667
1550779200 33.61 4.4 1025.9 0.71 0 10 38.2048 20.876
1550782800 32.22 4 1025.9 0.73 0 10 30.9066666667 17.8883333333
1551304800 30.88 4.23 1022.7 0.8 0 9.89 16.5391666667 9.63
1551308400 30.07 4.41 1022.7 0.81 0 9.937 15.8829166667 9.1475
1551312000 31.31 3.57 1022.1 0.82 0 10 16.28875 9.93541666667
1551315600 30.55 4.16 1021.9 0.82 0 10 18.45375 11.2604166667
1551319200 29.59 4.19 1021.5 0.81 0 9.801 20.1664 12.594
1551322800 29.1 4.24 1021.4 0.81 0 8.811 19.32375 11.5658333333
1551326400 28.49 4.04 1021.3 0.81 0 8.243 17.1908333333 9.86375
1551330000 27.95 3.78 1021.3 0.82 0 7.963 17.5658333333 9.54041666667
1551333600 29.27 4.35 1021.3 0.82 0 8.608 29.7552 15.1988
1551337200 33.2 4.73 1020.9 0.79 0 10 22.3904166667 12.7754166667
1551340800 37.9 5.31 1020.3 0.75 0 10 18.9220833333 11.9404166667
1551344400 41.67 5.86 1019.6 0.7 0 10 16.6125 10.8904166667
1551348000 44.57 6.66 1018.6 0.66 0 10 16.4092 10.8216
1551351600 47.67 7.31 1017.4 0.58 0 10 15.5891666667 9.37958333333
1551355200 50.17 9.61 1016 0.47 0 10 11.0016666667 7.2075
1551358800 51.38 9.18 1015.3 0.44 0 10 7.44 4.55208333333
1551362400 51.67 8.5 1014.6 0.45 0 10 8.5076 4.7532
1551366000 50.99 7.43 1014.3 0.47 0 10 7.53208333333 4.1125
1551369600 47.55 6.29 1014.5 0.53 0 10 18.7704166667 11.02625
1551373200 43.3 5.7 1014.8 0.58 0 10 16.4338888889 9.91555555556
1551376800 41.58 6.74 1013.7 0.6 0 10 16.70375 8.54375
1551380400 39.33 6.76 1013.5 0.62 0 10 12.8704166667 6.53041666667
1551384000 37.67 5.86 1013.6 0.66 0 10 12.2584 6.8708
1551387600 36.61 5.48 1013.8 0.68 0 10 18.5445833333 10.4970833333
1551909600 37.93 2.95 1022.5 0.7 0 10 44.1670833333 21.32
1551913200 36.77 2.94 1022.5 0.72 0 10 29.6917391304 15.7647826087
1551916800 38.4 3.27 1021.6 0.7 0 10 22.8133333333 13.80375
1551920400 37.49 3.22 1021.6 0.72 0 10 37.8395652174 22.5691304348
1551924000 36.58 3.05 1021.8 0.74 0 10 30.9443478261 18.1330434783
1551927600 35.87 3.07 1021.9 0.77 0 10 23.3520833333 13.4079166667
1551931200 35.68 3.34 1022.3 0.79 0 10 30.364375 17.109375
1551934800 34.95 3.43 1022.8 0.81 0 10 35.5120833333 18.725
1551938400 36.56 4.19 1023.1 0.8 0 10 46.39 23.9441666667
1551942000 42.54 4.28 1022.9 0.73 0 10 44.1766666667 25.8216666667
1551945600 50.19 5.07 1022.5 0.62 0 10 37.417826087 23.8965217391
1551949200 55.93 5.54 1021.9 0.53 0 10 29.7876 20.0292
1551952800 59.45 6.77 1021.3 0.47 0 10 13.2708333333 9.06791666667
1551956400 62.64 7.82 1020.7 0.4 0 10 9.78916666667 5.53458333333
1551960000 64.98 6.23 1019.9 0.3 0 10 10.9925 5.99958333333
1551963600 66.26 6.85 1019.3 0.29 0 10 13.6541666667 6.75875
1551967200 66.15 7.98 1018.9 0.32 0 10 9.69875 5.97416666667
1551970800 63.07 8.44 1018.8 0.4 0 10 7.25625 4.77625
1551974400 60.36 7.85 1019.1 0.46 0 10 8.4564 5.0736
1551978000 56.95 6.38 1019.6 0.54 0 10 27.6166666667 17.1
1551981600 53.05 5.02 1019.7 0.6 0 10 49.2141666667 28.9595833333
1551985200 50.26 4.73 1020 0.66 0 10 56.56875 34.5325
1551988800 48 4.71 1020.4 0.72 0 10 53.1158333333 33.1108333333
1551992400 45.92 4.79 1020.6 0.76 0 10 49.5566666667 30.4429166667
1552514400 34.52 4.51 1016.3 0.76 0 10 42.63 24.3325
1552518000 33.55 4.42 1016.1 0.77 0 10 26.7860869565 17.7839130435
1552521600 36.17 4.1 1015.4 0.78 0 9.171 34.2491666667 21.4470833333
1552525200 35.23 3.91 1015.1 0.78 0 8.852 33.6256521739 21.1208695652
1552528800 33.76 3.8 1014.8 0.78 0 8.735 35.5725 22.2970833333
1552532400 31.82 3.8 1014.6 0.81 0 8.774 40.7129166667 24.06875
1552536000 32.09 3.76 1014.4 0.81 0 9.237 40.75125 24.2641666667
1552539600 32.87 3.58 1014.1 0.8 0 9.864 48.1404166667 28.42875
1552543200 34.48 3.67 1014 0.79 0 9.112 51.546 30.5824
1552546800 37.02 3.64 1013.7 0.76 0 8.329 40.5716666667 24.1125
1552550400 40.57 3.59 1013.2 0.72 0.0006 7.16 31.2420833333 17.68375
1552554000 43.53 3.44 1012.8 0.69 0.0014 5.993 31.8133333333 18.9858333333
1552557600 45.15 3.23 1012.4 0.67 0.0027 4.883 48.9088 27.8
1552561200 45.91 3.47 1011.9 0.66 0.0058 3.775 61.1604166667 33.1341666667
1552564800 40.79 5.72 1012.7 0.77 0.0099 2.103 38.6275 23.3883333333
1552568400 40.6 5.31 1012.4 0.78 0.0098 1.746 27.2808333333 17.0204166667
1552572000 40.68 4.57 1012.2 0.8 0.0082 1.7 27.8412 16.8012
1552575600 40.93 4.01 1011.9 0.8 0.0069 2.092 25.8808333333 17.2258333333
1552579200 40.02 3.43 1011.8 0.81 0.0053 2.765 30.7620833333 20.77875
1552582800 38.75 2.65 1011.8 0.83 0.0035 3.741 31.2008333333 21.35375
1552586400 37.07 2.26 1011.6 0.84 0.002 8.54 35.3252 23.4608
1552590000 35.69 2.21 1011.6 0.85 0.0008 9.185 47.0220833333 29.62875
1552593600 34.58 2.47 1012 0.85 0 9.169 37.1325 23.72
1552597200 33.43 2.73 1011.4 0.86 0 8.959 55.1458333333 33.3429166667
1553119200 46.01 4.2 1030.5 0.83 0.0005 8.19 33.742 20.221
1553122800 45.91 4.02 1030.8 0.82 0.0006 7.548 34.7629166667 22.01125
1553126400 46.39 4.76 1030.9 0.83 0.0008 7.845 36.6626086957 22.7130434783
1553130000 45.73 4.68 1031.2 0.84 0.0009 7.132 36.8433333333 22.715
1553133600 44.9 4.26 1031.4 0.85 0.0009 6.264 36.55125 22.50625
1553137200 44.69 4.15 1031.7 0.84 0.0009 5.63 33.7320833333 20.4025
1553140800 44.67 4.06 1032 0.85 0.0008 5.11 31.9470833333 19.5370833333
1553144400 44.52 4.16 1032.5 0.86 0.0006 4.851 33.6384 20.2044
1553148000 44.66 3.82 1032.7 0.86 0.0006 5.754 34.9945 20.994
1553151600 45.96 4.22 1032.7 0.82 0.0006 8.004 39.8383333333 23.94625
1553155200 47.61 4.78 1032.7 0.78 0.0006 10 43.0616666667 25.5991666667
1553158800 49.64 5.28 1032.5 0.73 0.0005 10 47.15 28.1270833333
1553162400 51.28 5.43 1032 0.69 0.0004 10 43.2745833333 26.2066666667
1553166000 53.67 5.42 1031.4 0.64 0.0003 10 36.4020833333 23.7045833333
1553169600 54.61 5.16 1031.7 0.6 0.0002 10 35.0024 22.0548
1553173200 55.42 5.61 1031.2 0.57 0 10 28.3475 18.0308333333
1553176800 55.27 5.76 1030.6 0.57 0 10 24.0895833333 14.7975
1553180400 52.88 5.76 1030.3 0.62 0 10 24.95 15.4679166667
1553184000 51.41 5.77 1030.4 0.64 0 10 28.8854166667 17.2875
1553187600 49.48 5.1 1030.9 0.69 0 10 32.9966666667 19.3204166667
1553191200 47.87 4.16 1031.1 0.73 0.0002 9.247 42.2495833333 24.8325
1553194800 45.98 3.8 1031.5 0.78 0 9.072 48.0016 28.7996
1553198400 43.62 3.58 1032 0.83 0 9.165 52.53 30.2866666667
1553202000 41.58 3.16 1032.1 0.85 0 8.99 44.9533333333 25.7433333333
1553724000 37.04 2.96 1026.6 0.65 0 10 29.75 16.9258333333
1553727600 35.93 3.1 1026.7 0.67 0 10 14.1429166667 8.80958333333
1553731200 35.33 3.12 1027.3 0.69 0 10 14.8079166667 9.46125
1553734800 33.68 3.24 1027.6 0.71 0 10 14.8545833333 9.42791666667
1553738400 32.63 3.35 1027.2 0.71 0 10 18.99375 11.8575
1553742000 32.51 2.9 1027.7 0.71 0 10 18.1244 10.6352
1553745600 32.96 3.12 1028.1 0.71 0 10 22.04 12.6316666667
1553749200 34.41 3.49 1028.7 0.72 0 10 33.7804166667 17.8558333333
1553752800 37.68 4.23 1029 0.72 0 10 45.9558333333 22.74375
1553756400 41.17 5.95 1028.9 0.66 0 10 29.9358333333 16.655
1553760000 44.79 7.33 1028.2 0.61 0 10 23.355 13.74375
1553763600 47.61 8.41 1028.1 0.55 0 10 18.2017391304 11.5617391304
1553767200 49.77 9.06 1027.5 0.5 0 10 15.2148 10.5988
1553770800 51.29 9.61 1027 0.46 0 10 12.6616666667 9.08875
1553774400 52.08 9.79 1026.4 0.37 0 10 16.4245833333 9.12666666667
1553778000 51.68 9.92 1026 0.39 0 10 13.1545833333 8.65791666667
1553781600 50.52 10.36 1025.6 0.44 0 10 13.5708333333 8.44333333333
1553785200 48.89 10.45 1025.6 0.48 0 10 16.78375 8.99125
1553788800 46.75 9.66 1025.9 0.51 0 10 21.2452 10.8352
1553792400 43.99 8 1026.7 0.55 0 10 19.0345833333 12.12875
1553796000 42.77 6.8 1027.1 0.56 0 10 29.55625 19.025
1553799600 40.87 5.46 1027.6 0.57 0 10 27.9466666667 17.2229166667
1553803200 39.25 4.87 1028 0.59 0 10 44.7329166667 27.4404166667
1553806800 37.59 4.33 1028.5 0.61 0 10 47.6620833333 28.4725
1554325200 45.52 5.5 1017.4 0.66 0.0004 10 16.3245833333 8.41875
1554328800 44.59 5.45 1017.6 0.68 0.0003 10 11.5683333333 5.59291666667
1554332400 43.89 5.12 1017.9 0.7 0.0002 9.594 9.42333333333 4.70041666667
1554336000 43 5.06 1017.5 0.71 0.0004 9.479 8.0748 4.59
1554339600 41.75 4.69 1017.5 0.73 0.0005 9.557 7.25125 4.03625
1554343200 40.37 4.39 1017.5 0.76 0.0008 9.802 9.17458333333 4.89833333333
1554346800 38.71 4.01 1017.5 0.78 0.001 9.897 9.922 5.6296
1554350400 39.28 4.21 1017.4 0.78 0.0007 9.421 16.80125 9.57166666667
1554354000 40.3 4.24 1017.3 0.78 0.0003 8.792 22.4575 12.55625
1554357600 42.68 4.64 1017.3 0.74 0 9.235 19.5979166667 11.72125
1554361200 46.39 4.57 1016.8 0.69 0 10 21.2544 12.392
1554364800 51.09 4.07 1016.4 0.61 0 10 30.52375 13.0525
1554368400 55.29 4.04 1015.8 0.53 0 10 24.2033333333 12.535
1554372000 57.98 4.15 1014.9 0.47 0.0005 10 28.8508333333 12.7533333333
1554375600 61.05 4.65 1014 0.4 0.0019 10 28.9988 12.8192
1554379200 61.32 5.53 1013.7 0.37 0.0034 10 26.82375 11.7308333333
1554382800 62.11 6.15 1013 0.37 0.0023 10 42.4433333333 27.4525
1554386400 61.89 6.64 1012.4 0.39 0.0011 10 17.3633333333 11.3841666667
1554390000 60.75 6.93 1012 0.43 0.0011 10 15.9176 10.628
1554393600 57.53 6.12 1012 0.51 0.0006 10 18.0725 11.9870833333
1554397200 53.93 6.38 1012.7 0.58 0 10 19.5858333333 12.66875
1554400800 50.58 6.48 1013 0.63 0 10 19.1033333333 12.5029166667
1554404400 47.85 5.99 1013.4 0.7 0 10 23.4416 14.4152
1554408000 45.38 5.47 1013.5 0.75 0 9.349 20.2516666667 12.0579166667
1554930000 46.47 2.28 1008.9 0.83 0 10 35.0429166667 23.2329166667
1554933600 45.72 2.13 1008.8 0.83 0 10 27.5533333333 17.7945833333
1554937200 44.92 2 1008.8 0.84 0 9.891 22.9945833333 15.5595833333
1554940800 43.68 1.54 1008.2 0.83 0.0003 9.379 20.0333333333 13.8479166667
1554944400 43.15 1.72 1008.4 0.83 0.0003 9.266 19.9332 14.028
1554948000 42.96 2.12 1008.5 0.83 0.0002 9.183 18.5430434783 12.6591304348
1554951600 42.89 2.52 1008.5 0.85 0.0002 8.867 24.1348 16.6788
1554955200 44.08 3.26 1008.6 0.86 0.001 7.767 33.0604347826 20.9930434783
1554958800 45.08 3.89 1009 0.88 0.004 6.305 30.5024 18.1196
1554962400 46.55 5.14 1009.5 0.88 0.0103 7.636 3.59681818182 2.47227272727
1554966000 47.65 5.82 1009.7 0.87 0.0192 7.027 2.96909090909 2.01227272727
1554969600 48.56 6.64 1010 0.85 0.023 6.356 3.13045454545 1.76227272727
1554973200 49.5 7.22 1010 0.81 0.019 6.316 3.4052173913 1.6452173913
1554976800 51.22 7.89 1009.8 0.76 0.013 7.336 2.79363636364 1.82227272727
1554980400 53.12 8.73 1009.4 0.7 0.0075 8.953 2.20818181818 1.32136363636
1554984000 56 11.27 1009.1 0.63 0.006 10 1.99909090909 1.32
1554987600 57.45 10.66 1008.9 0.6 0.0033 10 2.76045454545 1.46045454545
1554991200 58.74 9.34 1008.9 0.59 0.0038 10 3.64136363636 2.13409090909
1554994800 55.73 7.62 1008.8 0.63 0.0016 10 5.61954545455 3.365
1554998400 54.94 6.36 1009 0.63 0.0003 10 26.0360869565 19.9613043478
1555002000 52.61 4.98 1009.5 0.68 0 10 19.6179166667 13.89875
1555005600 50.48 3.85 1010.2 0.71 0 10 16.78125 10.9908333333
1555009200 48.93 3.51 1010.7 0.75 0 10 19.23875 9.405
1555012800 47.4 3.45 1011 0.77 0 10 18.534 9.8404
1555534800 45.06 2.11 1021.6 0.77 0.0032 3.425 19.1030434783 12.4886956522
1555538400 44.17 1.98 1022 0.79 0.0024 3.955 15.9770833333 10.5029166667
1555542000 43.39 1.87 1022.2 0.82 0.0014 4.502 17.3470833333 11.3970833333
1555545600 43.87 3.61 1021.8 0.85 0.0007 10 18.4945833333 12.3408333333
1555549200 43.42 3.4 1022.2 0.85 0.001 10 17.90125 11.8208333333
1555552800 42.71 3.08 1022.6 0.84 0.0024 8.398 19.7033333333 12.5058333333
1555556400 41.17 2.78 1023 0.87 0.0037 7.28 24.8641666667 16.0108333333
1555560000 41.83 3.07 1023.4 0.87 0.0033 7.399 28.2704347826 17.9352173913
1555563600 42.77 3.55 1023.8 0.88 0.0023 7.995 25.3241666667 16.1583333333
1555567200 45.03 4.15 1023.9 0.83 0.0016 10 20.0326086957 12.7665217391
1555570800 46.55 5.09 1023.9 0.77 0.0007 10 16.2129166667 10.8508333333
1555574400 48.95 6.32 1024 0.67 0 10 14.4333333333 9.67166666667
1555578000 51.05 7.67 1024 0.61 0 10 31.4929166667 18.9991666667
1555581600 53.27 8.31 1023.8 0.57 0 10 9.91916666667 6.62375
1555585200 54.77 9.26 1023.6 0.54 0 10 6.2475 4.07666666667
1555588800 52.15 7.71 1024.4 0.56 0.0002 10 7.33 4.7
1555592400 52.23 8.6 1024.5 0.56 0.0002 10 9.855 4.06208333333
1555596000 52.15 9.59 1024.6 0.58 0 10 6.1548 3.986
1555599600 51.36 9.57 1024.7 0.61 0 10 7.55416666667 4.64416666667
1555603200 50.21 8.57 1025.3 0.64 0 10 11.8279166667 7.0675
1555606800 48.26 6.73 1026.2 0.7 0 10 23.1241666667 13.5920833333
1555610400 46.41 5.48 1027 0.77 0 9.055 10.5804166667 6.56625
1555614000 44.6 4.86 1027.6 0.82 0 7.698 2.96608695652 2.05695652174
1555617600 42.86 3.98 1028.3 0.87 0 6.323 3.72416666667 2.58375
1556139600 50.84 3.42 1024.2 0.83 0 10 15.345 8.72375
1556143200 49.22 3.14 1024.6 0.84 0 10 17.5945833333 9.2825
1556146800 48.19 2.84 1024.2 0.84 0 10 16.3047826087 9.18565217391
1556150400 48.76 3.02 1023.9 0.82 0 10 15.0920833333 8.65333333333
1556154000 47.46 2.55 1023.9 0.83 0 10 17.05875 9.135
1556157600 46.18 2.14 1023.9 0.83 0 10 15.61 8.61083333333
1556161200 45.96 2.02 1023.8 0.83 0 10 17.6820833333 9.52791666667
1556164800 47.16 2.17 1024.2 0.82 0 10 27.5482608696 15.1
1556168400 51.07 2.06 1024.4 0.8 0 10 21.935 13.7179166667
1556172000 55.96 2.08 1024.5 0.73 0 10 21.3841666667 13.0316666667
1556175600 60.52 2.24 1024.3 0.66 0 10 24.20625 16.3166666667
1556179200 64.99 2.46 1024 0.58 0 10 21.4826086957 14.52
1556182800 68.85 2.41 1023.8 0.52 0 10 16.1891666667 7.99791666667
1556186400 71.94 2.42 1023.1 0.45 0.0002 10 17.0791666667 7.51916666667
1556190000 74.33 2.64 1022.3 0.4 0.0012 10 18.0158333333 7.41083333333
1556193600 73.05 2.26 1022.1 0.42 0.0027 10 22.8691666667 8.37208333333
1556197200 72.89 2.32 1021.4 0.43 0.0041 10 19.0470833333 8.32625
1556200800 72.71 2.59 1020.8 0.45 0.0037 10 18.7608333333 7.93
1556204400 71.38 3.24 1020.5 0.48 0.0045 10 37.1404166667 17.4620833333
1556208000 68.97 3.87 1020.6 0.56 0.0034 10 20.9120833333 9.70666666667
1556211600 65.33 3.89 1021.1 0.67 0.0037 10 21.4091666667 10.2254166667
1556215200 61.74 4.15 1021.5 0.73 0.0029 10 26.4326086957 14.7239130435
1556218800 58.86 4.08 1021.8 0.78 0.0019 10 32.5691304348 17.1917391304
1556222400 56.44 3.83 1022 0.81 0.0015 10 28.5829166667 15.2258333333
1556744400 48.96 5.24 1011.5 0.81 0.001 8.718 10.3525 6.77583333333
1556748000 48.46 4.85 1011.6 0.84 0.0033 7.547 8.1652173913 5.29913043478
1556751600 48.22 4.65 1011.5 0.85 0.0103 6.307 5.88208333333 3.7775
1556755200 48.42 4.34 1010.8 0.88 0.0182 5.506 6.9848 4.442
1556758800 47.86 4.31 1010.9 0.89 0.0152 5.25 11.5239130435 6.82173913043
1556762400 47.21 4.58 1011.2 0.88 0.0097 5.38 15.7895833333 9.46375
1556766000 46.77 4.87 1011.4 0.88 0.0069 5.783 14.585 9.04041666667
1556769600 47.64 4.91 1011.6 0.86 0.0038 6.382 15.0939130435 9.12956521739
1556773200 49.62 5.39 1011.8 0.83 0.0011 7.257 13.83875 8.70416666667
1556776800 51.74 6.24 1011.9 0.77 0.0003 9.019 10.8652 7.4044
1556780400 53.6 7.02 1011.7 0.69 0.0006 10 9.44833333333 6.43916666667
1556784000 55.95 7.61 1011.8 0.64 0.0015 10 7.99125 5.70375
1556787600 58.31 8.04 1011.6 0.58 0.0025 10 7.305 5.30291666667
1556791200 59.58 8.45 1011.5 0.54 0.0025 10 6.12041666667 4.565
1556794800 61.57 8.51 1011.2 0.49 0.0022 10 5.56875 3.78
1556798400 63.49 8.58 1010.8 0.41 0.0015 10 6.74875 4.92291666667
1556802000 64.57 9.03 1010.6 0.39 0.001 10 5.79739130435 4.65217391304
1556805600 64.54 8.41 1010.4 0.41 0.0005 10 5.90125 4.55166666667
1556809200 61.25 7.85 1010.5 0.49 0.0003 10 6.57958333333 4.5325
1556812800 60.15 6.52 1011 0.52 0.0003 10 7.38333333333 5.17083333333
1556816400 58.01 5.21 1011.5 0.57 0.0003 10 10.2686956522 7.04652173913
1556820000 55.95 4.51 1011.8 0.61 0.0003 10 11.7152173913 7.66434782609
1556823600 53.8 3.97 1012.3 0.65 0 10 10.3313043478 6.38652173913
1556827200 51.74 3.63 1012.9 0.71 0 10 10.0016666667 6.42708333333
1557349200 43.87 2.31 1016.2 0.71 0 10 9.95666666667 6.65375
1557352800 42.66 2.37 1016.1 0.71 0 10 12.6266666667 8.1575
1557356400 41.5 2.68 1016 0.71 0 10 16.8220833333 10.1366666667
1557360000 41.3 2.16 1015.1 0.72 0 10 13.8 8.705
1557363600 40.51 2.22 1014.8 0.72 0 10 14.1141666667 9.04791666667
1557367200 39.76 2.33 1014.7 0.73 0 10 15.93 9.97791666667
1557370800 39.86 2.28 1014.6 0.74 0 10 16.3983333333 10.2220833333
1557374400 41.33 2.36 1014.3 0.75 0 10 21.0654166667 13.09625
1557378000 45.16 2.24 1014 0.73 0 10 23.5491304348 14.7713043478
1557381600 48.77 2.73 1013.4 0.68 0 10 22.4741666667 15.57375
1557385200 52.55 2.98 1012.9 0.64 0 10 21.11375 14.3545833333
1557388800 55.74 3.42 1012.1 0.61 0 10 17.8475 12.3279166667
1557392400 59.31 4.13 1011.4 0.56 0 10 12.3883333333 7.84083333333
1557396000 61.33 5.1 1011.2 0.53 0 10 10.6433333333 7.06833333333
1557399600 62.34 5.7 1010.3 0.51 0 10 9.1575 6.15375
1557403200 58.22 5.36 1010.4 0.56 0.0003 10 4.74791666667 3.32458333333
1557406800 57.38 6.23 1009.7 0.59 0.001 10 6.2784 4.4684
1557410400 56.52 6.56 1009.3 0.63 0.0035 10 5.22375 3.79833333333
1557414000 55.49 6.42 1008.9 0.67 0.0067 10 8.635 5.99875
1557417600 54.14 5.52 1008.9 0.74 0.0141 8.529 11.1625 7.10916666667
1557421200 52.72 4.16 1008.9 0.8 0.019 6.719 22.1079166667 14.2916666667
1557424800 51.11 2.39 1009 0.86 0.0216 1.684 28.4368 17.128
1557428400 50.06 2.34 1008.9 0.89 0.0287 0.955 27.1456521739 16.197826087
1557432000 49.3 2.28 1008.7 0.89 0.024 0.831 32.9356 18.714
1557954000 51.31 2.89 1013.5 0.93 0.0007 6.344 19.6970833333 11.8125
1557957600 51.06 2.7 1013.5 0.93 0.0019 5.878 16.8016666667 10.1629166667
1557961200 51.07 2.84 1013.3 0.93 0.0052 5.352 15.1044 9.0492
1557964800 50.89 3.36 1012.7 0.94 0.0094 4.686 13.0491666667 8.05416666667
1557968400 50.69 3.47 1012.5 0.94 0.0144 4.603 13.1975 7.98541666667
1557972000 50.38 3.19 1012.3 0.94 0.0198 4.59 12.6741666667 7.84291666667
1557975600 50.39 3.18 1012.1 0.93 0.0217 4.624 10.788 6.5696
1557979200 50.63 3.4 1012 0.94 0.0167 4.525 9.76458333333 6.64916666667
1557982800 51.5 3.74 1011.9 0.94 0.0096 4.469 13.0654166667 8.14333333333
1557986400 51.77 4.12 1011.8 0.92 0.0052 4.87 10.1245833333 6.14625
1557990000 53.3 3.89 1011.6 0.9 0.0033 5.203 12.9356 7.0884
1557993600 55.45 4.09 1011.3 0.87 0.0028 5.601 11.8054166667 6.78541666667
1557997200 57.21 4.12 1011 0.85 0.0036 5.733 15.07125 8.74125
1558000800 59.3 4.29 1010.7 0.81 0.0069 5.425 13.4591666667 8.25333333333
1558004400 60.92 4.55 1010.4 0.79 0.0156 4.845 17.9492 10.2828
1558008000 57.54 5.88 1010.8 0.85 0.0263 2.895 6.8 4.165
1558011600 56.9 5.31 1010.8 0.88 0.034 2.667 4.87708333333 3.21
1558015200 55.83 4.91 1010.8 0.91 0.0435 2.489 7.79958333333 5.06125
1558018800 55.05 4.72 1011 0.92 0.0482 2.368 12.5704 8.7228
1558022400 54.84 4.39 1011.2 0.93 0.038 2.178 8.89625 6.31875
1558026000 54.43 3.84 1011.5 0.94 0.0238 2.047 9.20708333333 6.80541666667
1558029600 53.28 3.02 1011.8 0.95 0.0153 8.414 7.90291666667 5.39416666667
1558033200 52.43 2.9 1012.3 0.96 0.0069 7.766 8.41 5.716
1558036800 51.64 2.94 1012.7 0.95 0.0016 6.034 10.765 6.95791666667
1558634400 58.5 2.82 1012.8 0.87 0.0044 7.331 7.58277777778 5.83888888889
1558638000 57.02 2.61 1013.3 0.89 0.0041 7.271 7.53708333333 5.88416666667
1558641600 55.74 2.77 1013.6 0.89 0.004 7.307 6.84130434783 5.26565217391
1559163600 61.17 4.5 1015.1 0.8 0.0012 10 2.61125 1.95791666667
1559167200 59.62 4.12 1015.6 0.82 0.0007 10 2.6408 1.9572
1559170800 58.23 3.75 1016.2 0.84 0.0002 10 2.89291666667 1.90708333333
1559174400 57.76 4.32 1016 0.86 0 10 3.36166666667 1.96041666667
1559178000 56.72 3.72 1016.1 0.86 0.0008 10 3.06791666667 2.00541666667
1559181600 55.83 3.04 1016.4 0.86 0.0022 10 3.8144 2.1948
1559185200 56.24 2.38 1016.8 0.85 0.0031 9.628 3.31916666667 2.0725
1559188800 57.69 2.48 1017 0.83 0.002 10 3.47565217391 1.81130434783
1559192400 60.04 2.65 1017.2 0.8 0.0006 10 2.8136 1.5788
1559196000 62.22 3.83 1017.5 0.74 0 10 2.35125 1.47666666667
1559199600 64.53 3.92 1017.7 0.7 0 10 3.07208333333 1.875
1559203200 67.19 4.09 1017.5 0.65 0 10 3.54541666667 2.6125
1559206800 69.3 4.22 1017.5 0.6 0 10 2.7412 2.0236
1559210400 70.78 4.27 1017.4 0.55 0 10 2.84625 1.96041666667
1559214000 71.76 4.52 1017.3 0.51 0 10 2.8025 1.76416666667
1559217600 73.83 5.03 1017.8 0.47 0 10 4.12291666667 2.47458333333
1559221200 74.55 4.95 1017.8 0.43 0 10 3.4608 2.3528
1559224800 74.87 4.95 1017.7 0.41 0 10 3.37541666667 1.89958333333
1559228400 73.04 4.5 1017.6 0.44 0 10 2.72708333333 1.76125
1559232000 71.11 4.56 1017.6 0.5 0 10 3.52375 2.00708333333
1559235600 67.94 4.07 1017.8 0.6 0 10 3.85708333333 2.34708333333
1559239200 65.23 4 1018 0.65 0 10 3.7 2.45347826087
1559242800 63.12 3.55 1018.5 0.71 0 10 3.71666666667 2.27208333333
1559246400 61.34 3.2 1019.1 0.76 0.0003 10 3.60375 2.68625
1559768400 58.49 2.46 1014.4 0.89 0.0012 7.333 9.71782608696 6.61869565217
1559772000 57.65 2.26 1014.5 0.9 0.0006 7.455 11.7732 7.6964
1559775600 57.09 2.45 1014.7 0.9 0.0004 7.744 11.8283333333 8.05958333333
1559779200 56.42 2.17 1014.5 0.91 0.0003 7.942 12.9908333333 9.00583333333
1559782800 55.56 2.52 1014.4 0.92 0.0004 8.691 15.2283333333 9.95875
1559786400 54.28 2.54 1014.6 0.92 0.0006 8.261 15.1304 10.1024
1559790000 53.92 2.75 1015 0.92 0.0008 7.86 18.5558333333 11.6483333333
1559793600 55.82 2.96 1015.3 0.91 0.0008 7.92 19.23625 12.3733333333
1559797200 59.02 3.25 1015.5 0.9 0.0009 8.176 18.4845833333 12.7558333333
1559800800 61.57 3.87 1015.8 0.88 0.001 9.027 21.5364 14.1116
1559804400 64.36 4.26 1015.8 0.83 0.0009 10 17.9441666667 12.87625
1559808000 67.31 4.48 1015.7 0.76 0.0006 10 17.3608333333 12.8658333333
1559811600 69.41 4.63 1015.8 0.72 0.0008 10 12.6475 9.36791666667
1559815200 71.08 4.83 1015.7 0.69 0.0018 10 8.5616 6.852
1559818800 72.04 4.88 1015.6 0.68 0.0041 10 7.97708333333 6.27291666667
1559822400 72.99 5.19 1015.4 0.65 0.0059 10 6.96416666667 5.82291666667
1559826000 74.28 5.75 1015.6 0.63 0.0075 8.441 4.20375 3.6375
1559829600 74.47 5.13 1015.6 0.63 0.0091 9.657 4.77958333333 3.86166666667
1559833200 72.02 4.54 1015.6 0.68 0.0099 10 4.5552 3.7836
1559836800 70.94 3.69 1015.8 0.68 0.0088 10 5.02583333333 3.89458333333
1559840400 68.99 2.83 1016.1 0.72 0.0066 9.939 6.66625 4.92375
1559844000 66.55 2.54 1016.5 0.77 0.0047 9.921 9.9116 6.7116
1559847600 64.32 2.04 1017.2 0.81 0.0032 10 10.31625 6.95958333333
1559851200 62.08 2.2 1017.9 0.84 0.0019 10 12.9929166667 8.65166666667
1560373200 64.23 2.04 1017.1 0.86 0 10 8.844 5.8004
1560376800 62.45 2.11 1017.2 0.88 0 10 7.87833333333 5.25333333333
1560380400 61.04 1.96 1017.1 0.88 0 10 7.32666666667 4.83916666667
1560384000 59.77 2.2 1017.1 0.87 0 10 7.54208333333 5.215
1560387600 57.9 2.03 1017.2 0.88 0 10 8.11916666667 5.75958333333
1560391200 56.21 2.23 1017.5 0.89 0 10 10.0568 6.5056
1560394800 55.94 2.49 1017.6 0.89 0 10 10.9591666667 7.12708333333
1560398400 59.6 2.6 1017.6 0.87 0 10 13.1470833333 8.79541666667
1560402000 65.48 2.63 1017.7 0.82 0 10 14.575 10.2883333333
1560405600 70.7 2.55 1017.7 0.75 0 10 12.6545833333 9.26916666667
1560409200 74.58 2.7 1017.7 0.66 0 10 9.5548 7.2956
1560412800 77.8 2.59 1017.7 0.57 0 10 9.09166666667 6.11541666667
1560416400 80.69 2.64 1017.5 0.49 0 10 6.87458333333 4.81958333333
1560420000 82.67 2.78 1017.2 0.43 0 10 7.17083333333 5.61375
1560423600 84.75 2.97 1016.8 0.38 0 10 7.3524 5.6772
1560427200 86.54 3.04 1016.5 0.37 0 10 7.07875 5.44416666667
1560430800 87.49 3.22 1016.1 0.35 0 10 6.57208333333 5.60416666667
1560434400 87.54 3.75 1016.1 0.35 0 10 6.11333333333 4.16083333333
1560438000 84.99 4.09 1016 0.41 0 10 5.08826086957 2.67608695652
1560441600 83.15 3.98 1016.1 0.47 0 10 10.1728 5.0508
1560445200 79.67 3.79 1016.1 0.58 0 10 7.42916666667 4.31416666667
1560448800 75.54 3.45 1016.8 0.69 0 10 12.2943478261 7.46130434783
1560452400 72.49 3.23 1017.5 0.74 0 10 11.7133333333 7.10625
1560456000 70.12 2.76 1017.8 0.78 0 10 10.4308 6.6868
1560978000 65.17 1.92 1014.5 0.84 0.0026 10 11.9156 7.7744
1560981600 64.4 1.65 1014.7 0.85 0.0015 10 11.9404166667 8.4
1560985200 63.66 1.96 1014.6 0.86 0.0006 10 13.275 9.31958333333
1560988800 62.9 1.91 1014.6 0.87 0.0004 10 12.1866666667 9.49708333333
1560992400 60.11 1.71 1014.6 0.88 0.0002 10 13.2292 10.0968
1560996000 58.92 1.95 1014.3 0.89 0 10 14.0404166667 10.3
1560999600 58.5 1.63 1014.4 0.89 0 10 13.56 9.93583333333
1561003200 60.18 1.72 1014.7 0.89 0 10 16.9570833333 12.0720833333
1561006800 63.36 1.23 1014.7 0.87 0 10 18.5983333333 13.3833333333
1561010400 66.89 1.67 1014.9 0.83 0 10 19.7872 14.5372
1561014000 69.72 2.41 1014.3 0.78 0 10 20.4279166667 14.7241666667
1561017600 72.58 2.24 1014.4 0.73 0 10 15.51375 12.1608333333
1561021200 74.49 2.62 1013.8 0.68 0.0005 10 10.63625 8.60708333333
1561024800 76.75 3.24 1013.8 0.63 0.0007 10 11.47 9.52875
1561028400 77.27 3.1 1013.5 0.63 0.0015 10 10.4964 9.1364
1561032000 78.16 3.84 1013.3 0.61 0.0029 10 16.2108333333 12.3004166667
1561035600 75.92 4.45 1013.5 0.67 0.0286 10 12.0716666667 9.48125
1561039200 74.44 4.39 1013 0.73 0.0273 10 8.0325 6.50958333333
1561042800 71.87 2.37 1013.2 0.8 0.0167 10 7.9388 6.366
1561046400 71.31 2.14 1013.5 0.8 0.0206 10 7.61916666667 5.80416666667
1561050000 70.93 2.45 1013.8 0.81 0.0145 10 7.8425 6.145
1561053600 68.99 1.97 1014.2 0.85 0.0077 10 11.8652173913 7.95260869565
1561057200 67.18 1.7 1014.6 0.86 0.0055 10 18.284 12.3676
1561060800 65.54 1.62 1014.9 0.87 0.0033 10 14.8566666667 10.2933333333
1561582800 66.32 3.18 1023.7 0.88 0 10 14.3529166667 11.9616666667
1561586400 65.2 2.77 1023.4 0.88 0 10 14.6533333333 12.5429166667
1561590000 63.81 2.45 1023.1 0.88 0 10 13.8045833333 11.7266666667
1561593600 64.14 2.6 1022.7 0.89 0 10 10.8452 9.0988
1561597200 62.43 1.99 1022.6 0.9 0 10 12.6083333333 10.6533333333
1561600800 60.87 1.89 1022.4 0.9 0 10 12.8941666667 10.7633333333
1561604400 60.16 1.89 1022.3 0.9 0 10 16.942 13.3464
1561608000 62.03 2 1022.1 0.9 0 10 20.1025 16.98
1561611600 66.14 2.03 1022 0.88 0 10 16.8041666667 14.1420833333
1561615200 70.03 1.89 1021.7 0.84 0 10 13.0829166667 10.885
1561618800 72.7 2.26 1021.2 0.77 0 10 10.7443478261 8.86217391304
1561622400 75.33 2.66 1020.8 0.7 0 10 8.7976 7.2732
1561626000 77.76 3.31 1020.3 0.61 0 10 7.04666666667 5.62958333333
1561629600 79.82 3.95 1019.7 0.55 0 10 6.32458333333 5.07208333333
1561633200 82.12 4.39 1019 0.5 0 10 6.2432 5.3204
1561636800 84.3 4.46 1018 0.41 0 10 6.60458333333 5.82625
1561640400 85.06 4.85 1017.3 0.42 0 10 6.99125 5.69083333333
1561644000 84.4 5.05 1016.5 0.47 0 10 6.06875 5.52166666667
1561647600 83.36 5 1016.3 0.53 0 10 7.016 5.9628
1561651200 80.99 4.76 1015.5 0.61 0 10 7.86791666667 7.0225
1561654800 77.95 3.55 1015.6 0.7 0 10 9.39791666667 7.6925
1561658400 74.81 2.64 1015.2 0.75 0 10 9.46041666667 7.98791666667
1561662000 72.08 1.85 1015.6 0.78 0 10 11.2395833333 9.45375
1561665600 69.18 1.64 1015.6 0.79 0 10 13.3648 10.5108
1562187600 65.07 1.65 1017.4 0.8 0.0009 10 6.96541666667 4.06791666667
1562191200 63.91 1.78 1017.6 0.82 0.0006 10 7.88583333333 4.62791666667
1562194800 63.63 2.15 1017.7 0.83 0.0006 10 6.7247826087 4.61391304348
1562198400 63.18 2.41 1017.9 0.84 0.0012 10 6.766 4.0144
1562202000 61.26 2.02 1017.7 0.87 0.0025 10 7.58875 4.29708333333
1562205600 60.35 1.76 1017.9 0.88 0.0017 10 7.35708333333 4.73291666667
1562209200 60.97 1.64 1018.1 0.86 0.001 10 9.1547826087 5.20043478261
1562212800 63.09 1.37 1018.2 0.86 0.0005 10 11.5304 7.2252
1562216400 67.01 1.6 1018.7 0.83 0.0003 10 10.8633333333 7.32333333333
1562220000 70.5 1.71 1018.7 0.79 0.0004 10 11.0716666667 7.50291666667
1562223600 74.28 2.09 1019 0.74 0 10 9.77375 7.05416666667
1562227200 77.91 2.26 1019 0.67 0 10 8.39565217391 6.83826086957
1562230800 80.72 2.55 1018.9 0.62 0 10 8.82434782609 6.59391304348
1562234400 83.08 3.12 1018.2 0.56 0.0006 10 8.02590909091 5.96863636364
1562238000 83.93 3.83 1017.9 0.53 0.0033 10 7.6396 6.1608
1562241600 83.28 4.46 1017.6 0.55 0.006 10 9.33666666667 7.45166666667
1562245200 83.41 4.48 1017.5 0.56 0.0054 10 9.475 7.49083333333
1562248800 82.55 5.21 1016.9 0.62 0.0069 10 9.38260869565 7.7952173913
1562252400 81.58 5.62 1016.7 0.67 0.0105 10 11.644 8.8104
1562256000 79.76 5.91 1016.8 0.7 0.014 10 12.5141666667 9.4775
1562259600 77.27 5.65 1017.3 0.73 0.017 10 13.9208333333 9.53
1562263200 74.57 5.08 1017.7 0.78 0.0171 10 15.0433333333 10.1308333333
1562266800 72.59 4.21 1018 0.81 0.0202 10 13.7388 10.772
1562270400 70.56 3.1 1018.5 0.84 0.0105 10 12.775 9.14833333333
1562792400 57.16 3.21 1013.5 0.94 0.0076 10 4.41173913043 3.00826086957
1562796000 56.16 3.61 1013.6 0.92 0.0041 10 4.5044 3.18
1562799600 54.86 3.68 1013.7 0.9 0.0014 10 4.98125 3.90166666667
1562803200 53.26 3.99 1013.3 0.92 0 10 6.36 4.99958333333
1562806800 52.05 4.18 1013.4 0.91 0 10 7.15608695652 5.89739130435
1562810400 50.8 4.33 1013.5 0.9 0.0002 10 8.0372 6.4324
1562814000 50.2 4.47 1013.6 0.9 0.0003 10 9.25958333333 7.55666666667
1562817600 51.12 4.5 1013.8 0.89 0 10 10.6629166667 8.71291666667
1562821200 53.47 4.62 1014.2 0.88 0 10 12.3071428571 9.99142857143
1562824800 55.92 4.72 1014.3 0.86 0 10 8.45041666667 7.43833333333
1562828400 58.22 4.43 1014.2 0.8 0 10 6.29260869565 5.52869565217
1562832000 60.87 4.15 1013.8 0.73 0 10 5.4052173913 4.51565217391
1562835600 63.25 3.93 1013.5 0.68 0 10 4.5556 3.892
1562839200 65.26 4.07 1012.9 0.65 0 10 4.8475 3.49083333333
1562842800 67.12 4.4 1012.5 0.62 0.0004 10 3.59333333333 2.92541666667
1562846400 70.76 5.27 1012.3 0.5 0.0003 10 3.35260869565 2.82173913043
1562850000 71.71 5.75 1012 0.49 0.0002 10 4.21772727273 3.045
1562853600 71.58 5.9 1011.9 0.52 0 10 3.79708333333 2.925
1562857200 68.93 5.86 1012 0.6 0 10 3.73583333333 3.04958333333
1562860800 67.33 5.22 1012 0.63 0 10 3.55375 2.78875
1562864400 65.21 4.12 1012.3 0.66 0 10 4.12333333333 3.49458333333
1562868000 63.3 3.15 1013 0.72 0 10 4.62043478261 3.91130434783
1562871600 61.52 2.63 1013.4 0.75 0 10 4.1792 3.5928
1562875200 59.79 2.77 1013.8 0.77 0 10 3.95666666667 3.06958333333
1563397200 59.29 2.09 1013.2 0.84 0.0004 10 6.22043478261 4.48130434783
1563400800 57.99 1.63 1013.5 0.85 0.0002 10 5.23652173913 4.23913043478
1563404400 56.87 1.7 1013.5 0.86 0 10 5.73 4.30470588235
1563408000 55.99 1.45 1013.4 0.86 0 10 6.34470588235 4.63
1563411600 56.76 1.47 1013 0.87 0 10 6.16318181818 4.44863636364
1563415200 54.89 1.5 1013.4 0.88 0 10 6.50181818182 4.58818181818
1563418800 54.31 1.63 1013.7 0.89 0.0003 10 8.7085 5.938
1563422400 56.16 2 1013.7 0.88 0.0003 10 10.899 7.6645
1563426000 59.76 2.38 1013.8 0.86 0.0003 10 14.8680952381 9.0219047619
1563429600 63.2 3.09 1013.8 0.81 0.0003 10 14.475 8.44958333333
1563433200 66.13 3.39 1013.6 0.75 0.0004 10 6.97208333333 5.15791666667
1563436800 69.26 3.78 1013.5 0.68 0.0004 10 4.80625 3.82333333333
1563440400 71.94 3.73 1013.5 0.61 0.0004 10 4.6552173913 3.39
1563444000 74.08 3.57 1013.4 0.54 0.0002 10 4.08958333333 3.03291666667
1563447600 75.78 3.49 1013.4 0.5 0 10 3.44041666667 2.84416666667
1563451200 78.99 5.07 1013.2 0.43 0 10 3.446 2.766
1563454800 79.99 4.55 1013.1 0.41 0 10 3.02125 2.36791666667
1563458400 79.77 3.48 1012.8 0.43 0 10 3.3675 2.62125
1563462000 77.03 2.89 1012.7 0.52 0.0003 10 4.75333333333 3.175
1563465600 75.19 3.11 1012.7 0.6 0.0005 10 4.8228 3.5836
1563469200 72.33 3.16 1012.9 0.68 0.0008 10 4.8975 3.70291666667
1563472800 69.66 3.58 1013.5 0.74 0 10 6.02083333333 3.77541666667
1563476400 67.47 3.51 1013.9 0.78 0.0004 10 4.78782608696 3.59304347826
1563480000 65.45 3.28 1014.6 0.81 0.0016 10 8.17166666667 4.72958333333
1564002000 63.8 1.99 1018.7 0.84 0.0002 10 6.17625 3.84958333333
1564005600 63.23 1.62 1018.9 0.85 0.0002 10 5.55782608696 3.98826086957
1564009200 63.24 1.49 1019 0.84 0 10 4.92 4.06583333333
1564012800 62.99 1.46 1019.1 0.84 0 10 5.26913043478 4.27913043478
1564016400 61.78 1.66 1018.8 0.88 0 10 4.72652173913 4.04695652174
1564020000 61.21 1.22 1018.7 0.88 0 10 5.14347826087 4.09043478261
1564023600 61.43 1.2 1018.8 0.88 0 10 6.12391304348 4.75391304348
1564027200 62.81 1.35 1018.9 0.87 0 10 7.47583333333 6.13875
1564030800 65.4 1.79 1019.1 0.85 0 10 9.15608695652 6.36086956522
1564034400 67.96 2.45 1019.3 0.8 0 10 6.0712 4.3708
1564038000 70.46 2.74 1019.3 0.75 0 10 4.315 3.71125
1564041600 73.16 3.08 1019 0.7 0.0004 10 4.90708333333 4.09416666667
1564045200 75.43 3.43 1018.8 0.64 0.0009 10 5.56 4.92916666667
1564048800 77.01 3.89 1018.3 0.61 0.0014 10 4.6596 4.1916
1564052400 78.36 4.59 1017.8 0.58 0.002 10 3.86166666667 3.31125
1564056000 79.16 4.74 1017.9 0.56 0.003 10 5.12291666667 4.04833333333
1564059600 81.19 4.8 1017.5 0.52 0.0031 10 6.04695652174 5.08391304348
1564063200 81.04 4.6 1017.2 0.54 0.0035 10 6.1352 5.1292
1564066800 78.58 4.33 1016.9 0.61 0.0041 10 6.55083333333 5.37166666667
1564070400 77.51 3.85 1016.9 0.64 0.0034 10 6.13166666667 5.08458333333
1564074000 75.18 3.38 1017 0.68 0.0024 10 6.06958333333 4.74875
1564077600 73.11 2.88 1017.5 0.7 0 10 7.4447826087 5.70869565217
1564081200 70.93 2.43 1017.6 0.75 0 10 6.76695652174 5.21565217391
1564084800 68.5 1.94 1017.8 0.79 0 10 6.9319047619 5.42285714286
1564606800 69.95 1.67 1013.9 0.87 0.0177 8.331 15.7156521739 13.3830434783
1564610400 68.89 1.55 1014 0.88 0.0137 10 16.3140909091 14.0281818182
1564614000 68.28 1.63 1014 0.88 0.0093 10 22.43 19.4641666667
1564617600 67.65 1.55 1013.9 0.89 0.0055 10 24.41125 20.9045833333
1564621200 65.61 2.12 1013.6 0.92 0.0051 10 21.2669565217 18.0573913043
1564624800 64.53 1.85 1013.8 0.92 0.0033 10 20.44 17.03375
1564628400 64.39 1.97 1013.9 0.93 0.0025 10 21.1304166667 17.3120833333
1564632000 65.97 2.36 1014.1 0.91 0.0017 10 21.7070833333 17.79875
1564635600 69.08 2.6 1014.2 0.9 0.0012 10 19.9308695652 16.5656521739
1564639200 71.92 4.03 1014.3 0.87 0.0222 10 16.885 14.49375
1564646400 77.56 5.19 1014 0.77 0.0161 10 12.3518181818 10.6322727273
1564650000 79.84 5.37 1013.8 0.71 0.0123 10 9.96791666667 8.66708333333
1564653600 81.13 5.48 1013.6 0.67 0.01 10 8.26708333333 7.35666666667
1564657200 80.36 5.56 1013.5 0.68 0.0082 10 12.8504545455 8.36818181818
1564660800 81.08 8.04 1013.4 0.62 0.0294 6.896 8.95041666667 7.78041666667
1564664400 82.14 7.52 1013.2 0.6 0.0253 7.359 6.93583333333 6.29583333333
1564668000 82.58 6.12 1012.9 0.62 0.018 8.875 8.27458333333 6.84791666667
1564671600 80.38 5.44 1012.9 0.7 0.0132 10 7.07625 6.15333333333
1564675200 79.47 4.09 1013.1 0.72 0.0093 10 9.38652173913 8.10391304348
1564678800 76.91 2.87 1013.5 0.76 0.0072 10 10.13875 8.61166666667
1564682400 74.63 2.45 1013.9 0.79 0.0045 10 10.3895454545 8.57818181818
1564686000 72.95 1.98 1014.4 0.83 0.0027 10 11.8591666667 9.545
1564689600 71.44 1.95 1014.8 0.85 0.0016 10 11.705 9.43708333333
1565211600 67.01 3.6 1016.4 0.74 0.0003 10 10.8504545455 8.33272727273
1565215200 65.14 3.17 1016.4 0.76 0 10 10.59 8.33272727273
1565218800 63.63 2.49 1016.4 0.77 0 10 10.3333333333 8.16857142857
1565222400 62.38 2.2 1016 0.78 0 10 10.0582608696 8.48782608696
1565226000 61.87 2.17 1015.8 0.8 0 10 10.64 8.52611111111
1565229600 60.2 1.69 1015.8 0.82 0 10 10.5304761905 8.75285714286
1565233200 59.92 1.2 1016 0.83 0 10 12.6645454545 9.86818181818
1565236800 61.32 1.21 1016.2 0.82 0 10 13.26875 10.1820833333
1565240400 64.82 1.05 1016.3 0.78 0.0002 10 14.5216666667 10.8670833333
1565244000 68.91 1.27 1015.9 0.74 0.0004 10 12.6891666667 9.94583333333
1565247600 73.34 0.99 1015.8 0.67 0 10 12.4225 9.60583333333
1565251200 78.15 1.18 1015.6 0.6 0 10 11.2816666667 8.97875
1565254800 81.23 1.09 1015.3 0.55 0 10 11.9965217391 10.3534782609
1565258400 84.77 1.29 1014.8 0.47 0 10 11.2179166667 9.92041666667
1565262000 87.28 1.15 1014.4 0.4 0 10 9.76916666667 8.57041666667
1565265600 88.51 1.84 1013.9 0.36 0 10 9.3175 7.59166666667
1565269200 90.6 3.03 1013.6 0.31 0 10 8.96166666667 7.08541666667
1565272800 90.97 3.72 1013 0.28 0 10 7.39625 5.94041666667
1565276400 90.2 3.9 1012.5 0.28 0 10 7.18041666667 5.63541666667
1565280000 87.64 3.87 1012.4 0.34 0 10 7.61875 5.5775
1565283600 82.79 3.99 1012.8 0.46 0 10 9.99565217391 6.28130434783
1565287200 78.62 3.96 1013.2 0.56 0.0002 10 11.0383333333 6.91083333333
1565290800 76.18 4.07 1013.7 0.62 0 10 10.7933333333 6.69291666667
1565294400 73.97 3.98 1014.1 0.65 0 10 8.53666666667 6.11958333333
1565816400 66.84 7.47 1013.3 0.84 0.0317 10 5.85913043478 3.54
1565820000 65.29 6.73 1013.6 0.87 0.0136 10 7.3480952381 4.83380952381
1565823600 64.01 6.55 1013.8 0.88 0.0111 10 12.6215 8.5135
1565827200 62.89 6.21 1013.6 0.91 0.0059 10 7.55086956522 5.28347826087
1565830800 61.86 6.03 1013.6 0.9 0.0135 10 7.26347826087 5.18869565217
1565834400 60.92 6.08 1013.4 0.89 0.0073 10 9.00636363636 6.70954545455
1565838000 60.37 6.19 1013.7 0.88 0.0055 10 11.2718181818 7.95045454545
1565841600 60.11 6.08 1013.9 0.88 0.0015 10 10.5859090909 7.55
1565845200 60.89 6.42 1014.3 0.87 0.0014 10 12.5054545455 8.69090909091
1565848800 61.72 7.74 1014.6 0.86 0 10 13.0713043478 9.85217391304
1565852400 63.92 8.02 1014.7 0.81 0 10 18.2833333333 11.3495833333
1565856000 66.5 7.81 1014.5 0.76 0 10 13.972173913 10.7673913043
1565859600 69.45 8.04 1014.2 0.72 0 10 13.2804347826 10.2491304348
1565863200 71.95 8.24 1013.9 0.67 0 10 11.4391304348 9.11782608696
1565866800 74.4 8.6 1013.2 0.61 0 10 11.1119047619 8.37285714286
1565870400 73.07 9.36 1013.6 0.63 0.0002 10 8.76954545455 7.28409090909
1565874000 72.81 9.23 1013.3 0.64 0.0003 10 8.02818181818 6.27409090909
1565877600 71.71 9.13 1012.7 0.66 0.0002 10 7.61583333333 6.29625
1565881200 70.78 8.76 1012.7 0.68 0.0002 10 6.42125 5.2325
1565884800 69.01 7.87 1013.2 0.69 0 10 6.08833333333 4.63458333333
1565888400 66.63 6.72 1014 0.72 0 10 4.38041666667 3.2
1565892000 64.37 6.02 1014.9 0.77 0 10 4.96826086957 3.67217391304
1565895600 62.8 5.31 1015.4 0.79 0 10 2.83458333333 2.20083333333
1565899200 61.42 4.62 1015.6 0.81 0 10 2.77454545455 2.31954545455
1566421200 65.99 2.21 1020.7 0.63 0.0004 10 26.1720833333 12.7875
1566424800 64.04 1.88 1021 0.67 0.0004 10 9.45869565217 6.17956521739
1566428400 62.7 1.53 1021.5 0.71 0.0002 10 7.95434782609 5.64434782609
1566432000 62.47 1.91 1021.5 0.77 0.0002 10 7.2052173913 5.21043478261
1566435600 61.02 2.03 1021.4 0.8 0 10 7.38136363636 5.16227272727
1566439200 59.83 1.6 1021.1 0.82 0 10 7.70869565217 5.4447826087
1566442800 59.94 1.66 1021.2 0.83 0 10 11.4782608696 7.44217391304
1566446400 62.17 1.3 1021.8 0.8 0 10 14.1490909091 9.27681818182
1566450000 65.86 1.23 1022.2 0.73 0.0002 10 14.6666666667 9.50625
1566453600 70.19 1.32 1022.2 0.63 0.0004 10 13.5941666667 8.73041666667
1566457200 74.49 2.59 1022.2 0.53 0.0002 10 10.3169565217 6.72608695652
1566460800 79.08 4.62 1021.7 0.44 0 10 9.08434782609 6.68565217391
1566464400 82.55 6.22 1021.2 0.37 0 10 7.86166666667 5.66666666667
1566468000 84.88 7.59 1020.8 0.33 0 10 6.92391304348 5.07956521739
1566471600 86.45 8.48 1020.5 0.3 0 10 6.96695652174 5.34826086957
1566475200 87.53 7.5 1020.7 0.27 0 10 6.59217391304 4.86565217391
1566478800 88.52 7.66 1020.2 0.26 0 10 6.32125 4.9325
1566482400 88.47 7.52 1019.7 0.27 0 10 6.65166666667 5.19125
1566486000 85.71 7.23 1019.4 0.31 0 10 6.46869565217 4.89217391304
1566489600 84.13 6.63 1019.6 0.35 0 10 6.83708333333 5.01333333333
1566493200 81.19 5.68 1020.2 0.4 0 10 7.39695652174 5.82173913043
1566496800 78.11 5.19 1020.9 0.46 0.0003 10 7.56083333333 5.8125
1566500400 75.44 4.19 1021.3 0.52 0.0003 10 6.81708333333 5.30666666667
1566504000 72.78 3.28 1021.7 0.58 0 10 7.32708333333 5.42625
1567026000 65.47 2.78 1020.4 0.49 0 10 6.72826086957 4.60739130435
1567029600 63.49 2.7 1020.5 0.52 0 10 7.95041666667 5.26333333333
1567033200 61.84 3.06 1020.9 0.56 0 10 6.99647058824 5.36647058824
1567036800 60.61 2.38 1020.9 0.63 0 10 7.73545454545 5.65318181818
1567040400 58.88 2.19 1020.9 0.67 0 10 7.88272727273 6.24818181818
1567044000 57.33 2.16 1020.7 0.7 0 10 8.67333333333 6.3125
1567047600 57.25 2.08 1020.7 0.71 0 10 9.06041666667 6.26708333333
1567051200 59.2 1.58 1020.7 0.7 0 10 10.1576 7.3488
1567054800 62.13 0.93 1020.9 0.65 0 10 11.5820833333 7.14375
1567058400 66.21 0.86 1020.9 0.57 0 10 11.92125 6.57083333333
1567062000 70.98 2.13 1020.6 0.47 0 10 12.0791666667 6.15083333333
1567065600 75.94 4.18 1020 0.36 0 10 8.3475 5.14708333333
1567069200 80.15 6.18 1019.4 0.27 0 10 7.0496 3.87
1567072800 82.53 7.17 1019 0.23 0 10 6.35833333333 4.14833333333
1567076400 84.75 7.92 1018.6 0.18 0 10 5.60791666667 3.83
1567080000 86.87 6.88 1018.6 0.15 0 10 5.34083333333 3.57541666667
1567083600 87.65 7.41 1018.2 0.14 0 10 6.2275 3.54375
1567087200 87.19 7.95 1017.7 0.14 0 10 5.4828 3.6692
1567090800 85.54 8.02 1017.5 0.15 0 10 5.50541666667 3.95083333333
1567094400 81.26 7.26 1017.9 0.2 0 10 5.74416666667 3.60416666667
1567098000 75.94 5.74 1018.5 0.27 0 10 6.35208333333 3.98291666667
1567101600 71.49 4.17 1019 0.35 0 10 5.84166666667 3.65833333333
1567105200 68.37 3.48 1019.4 0.4 0 10 6.1616 3.414
1567108800 65.93 3.09 1019.8 0.45 0 10 6.33916666667 3.85
1567630800 63.2 2.29 1016.5 0.79 0 10 17.0258333333 12.7679166667
1567634400 61.59 1.91 1016.5 0.82 0 10 15.6641666667 11.82375
1567638000 60.25 1.98 1016.4 0.84 0 10 19.306 14.2288
1567641600 58.67 1.97 1016.5 0.86 0 10 23.0216666667 13.2604166667
1567645200 57.3 1.9 1016.4 0.88 0 10 2.77541666667 1.75416666667
1567648800 56.43 1.91 1016.1 0.88 0 10 2.01375 1.39166666667
1567652400 56.6 1.73 1015.9 0.88 0 10 2.25791666667 1.44291666667
1567656000 57.96 2.07 1016.2 0.87 0 10 2.0708 1.3208
1567659600 59.77 2 1016.2 0.88 0 10 1.89291666667 1.25958333333
1567663200 62.8 2.65 1016.4 0.86 0.0002 10 1.76125 1.25041666667
1567666800 66.97 3.01 1015.9 0.8 0 10 2.5775 1.65416666667
1567670400 71.51 3.88 1015.4 0.71 0 10 2.7925 1.78291666667
1567674000 75.14 4.54 1014.9 0.61 0 10 2.6444 1.6716
1567677600 77.58 4.87 1014.2 0.53 0.0003 10 2.2475 1.59875
1567681200 79.63 5.2 1013.5 0.46 0.0007 10 2.31083333333 1.75791666667
1567684800 79.9 5.73 1013.4 0.49 0.0004 10 1.96083333333 1.45125
1567688400 80.54 6.31 1012.9 0.46 0.001 10 1.92041666667 1.52041666667
1567692000 80.8 6.93 1012.3 0.45 0.002 10 1.9612 1.5716
1567695600 79.14 7.57 1012.1 0.49 0.0026 10 1.67625 1.15
1567699200 77.04 7.03 1012.6 0.56 0.0019 10 1.32666666667 1.00416666667
1567702800 73.69 6.16 1013.4 0.66 0.0009 10 1.41208333333 0.9575
1567706400 71.25 5.34 1014.1 0.71 0.0003 10 1.26958333333 0.82625
1567710000 69.34 4.78 1014.6 0.75 0 10 1.37291666667 1.0125
1567713600 68.01 4.35 1014.8 0.78 0 10 1.56791666667 1.00541666667
1568235600 61.43 2.79 1022.7 0.77 0 10 0.904347826087 0.523043478261
1568239200 60.32 2.13 1022.9 0.79 0 10 0.938 0.575
1568242800 59.49 1.81 1023.5 0.81 0 10 0.990454545455 0.613636363636
1568246400 57.8 2.32 1023.6 0.81 0 10 0.9165 0.5665
1568250000 56.66 2.22 1023.7 0.83 0 10 0.907647058824 0.541176470588
1568253600 55.68 1.93 1023.4 0.84 0 10 0.9 0.542857142857
1568257200 56.31 1.88 1023.6 0.84 0 10 1.00388888889 0.605555555556
1568260800 57.67 1.88 1024.2 0.83 0 10 0.957222222222 0.597777777778
1568264400 59.54 1.83 1024.4 0.8 0 10 0.908695652174 0.552173913043
1568268000 62.4 2.09 1024.5 0.75 0.0003 10 0.91 0.580833333333
1568271600 65.37 3.72 1024.6 0.63 0.0003 10 0.879166666667 0.557916666667
1568275200 68.92 5.7 1024.7 0.49 0.0003 10 0.889166666667 0.565416666667
1568278800 71.64 7.34 1024.6 0.4 0.0003 10 0.869166666667 0.583333333333
1568282400 74.25 8.41 1024.5 0.33 0.0002 10 0.852 0.584
1568286000 75.89 9.22 1024.1 0.29 0 10 0.856666666667 0.556666666667
1568289600 73.9 9.21 1024.5 0.34 0 10 0.8475 0.544583333333
1568293200 73.83 9.52 1024.2 0.35 0 10 0.88375 0.564166666667
1568296800 73.37 9.49 1023.9 0.37 0.0003 10 0.96375 0.602916666667
1568300400 72.3 9.13 1023.9 0.4 0.0004 10 0.8875 0.587083333333
1568304000 69.7 7.61 1024.5 0.45 0 10 1.04 0.719166666667
1568307600 66.33 5.65 1025.3 0.54 0 10 0.995833333333 0.594583333333
1568311200 64.05 3.51 1026 0.59 0 10 0.895833333333 0.540416666667
1568314800 62.2 2.96 1026.2 0.64 0 10 0.920833333333 0.6
1568318400 60.85 2.64 1026.2 0.68 0 10 0.924736842105 0.631578947368
1568840400 55.27 2.45 1021.1 0.7 0.0003 10 0.980526315789 0.578421052632
1568844000 53.91 2.72 1021.4 0.71 0.0003 10 0.987727272727 0.65
1568847600 53.42 2.95 1021.7 0.71 0.0002 10 1.0 0.592272727273
1568851200 52.96 3.22 1021.9 0.71 0.0002 10 0.959583333333 0.632083333333
1568854800 53.03 3.81 1021.6 0.69 0 10 0.942916666667 0.616666666667
1568858400 51.82 3.03 1021.6 0.71 0 10 0.917391304348 0.566956521739
1568862000 51.83 2.43 1021.7 0.7 0.0002 10 1.31739130435 0.702608695652
1568865600 52.2 2.16 1021.7 0.7 0.0003 10 1.0347826087 0.688260869565
1568869200 52.4 2.25 1021.9 0.7 0.0003 10 0.95125 0.626666666667
1568872800 52.54 2.3 1022.2 0.76 0.0003 10 0.992272727273 0.621363636364
1568876400 53.21 2.52 1022.4 0.76 0.0007 10 0.965416666667 0.597083333333
1568880000 54.33 2.65 1022.5 0.74 0.0025 10 1.04761904762 0.611428571429
1568883600 55.24 2.88 1022.4 0.73 0.0046 10 1.00722222222 0.644444444444
1568887200 56.87 2.9 1022 0.72 0.0067 10 0.9465 0.585
1568890800 58.39 2.76 1021.5 0.71 0.0129 10 0.955217391304 0.598695652174
1568894400 56.2 3.26 1021.2 0.8 0.0181 10 1.15 0.693888888889
1568898000 56.61 3.4 1021.1 0.78 0.0166 10 1.12608695652 0.711304347826
1568901600 57.77 2.96 1020.8 0.75 0.0108 10 1.04333333333 0.680833333333
1568905200 57.09 2.56 1020.6 0.77 0.0072 10 1.2275 0.794583333333
1568908800 56.24 3.06 1020.8 0.8 0.0061 10 1.21666666667 0.845416666667
1568912400 54.87 3.44 1021.3 0.84 0.0063 10 1.29956521739 0.847826086957
1568916000 54.1 3.67 1021.8 0.86 0.0056 10 1.23083333333 0.9225
1568919600 53.55 3.41 1022 0.87 0.0066 10 1.14913043478 0.717391304348
1568923200 53.38 3.22 1022.2 0.85 0.01 10 0.992916666667 0.717916666667
1569445200 59.19 3.71 1013.1 0.89 0.0021 10 1.65772727273 1.20454545455
1569448800 58.53 3.43 1013.2 0.89 0.0034 10 1.82 1.173
1569452400 58.09 2.97 1013.3 0.89 0.0069 10 1.59681818182 1.12909090909
1569456000 57.69 2.55 1013.2 0.89 0.0154 8.162 1.76826086957 1.17130434783
1569459600 57.75 2.18 1012.9 0.88 0.0129 8.518 1.78217391304 1.25304347826
1569463200 56.68 1.95 1013 0.89 0.0087 9.918 1.90173913043 1.24347826087
1569466800 55.9 1.91 1013.1 0.91 0.006 10 2.47625 1.53916666667
1569470400 56.23 1.82 1013.4 0.91 0.004 10 2.24434782609 1.37869565217
1569474000 56.62 1.83 1013.6 0.91 0.0023 10 2.27416666667 1.63875
1569477600 58.21 2.45 1013.5 0.89 0.0003 10 2.99666666667 1.89041666667
1569481200 60.75 3.16 1013.4 0.87 0.0006 10 3.50708333333 2.03166666667
1569484800 64.3 4.18 1013.2 0.82 0.0013 10 3.19608695652 2.11869565217
1569488400 67.22 5.18 1012.8 0.77 0.002 10 3.21739130435 2.12869565217
1569492000 69.62 6.02 1012.4 0.72 0.0019 10 1.64157894737 1.08789473684
1569495600 71.8 6.78 1011.9 0.66 0.0019 10 1.32458333333 0.867916666667
1569499200 71.27 7.74 1011.5 0.66 0.0025 10 1.59166666667 0.90125
1569502800 71.13 7.49 1011.6 0.66 0.0126 10 1.05565217391 0.647391304348
1569506400 70.28 8.03 1011.8 0.69 0.0159 10 1.10208333333 0.622083333333
1569510000 68.73 9 1012.2 0.72 0.0186 10 0.998333333333 0.615
1569513600 66.04 7.91 1013 0.78 0.014 10 1.53 0.63347826087
1569517200 63.28 6.46 1014.1 0.85 0.0084 10 1.05833333333 0.690416666667
1569520800 60.5 6.63 1015.2 0.89 0 10 1.25958333333 0.676666666667
1569524400 58.95 6.64 1015.6 0.9 0 10 1.09727272727 0.678181818182
1569528000 58.09 6.3 1015.6 0.88 0 10 1.1675 0.780416666667
1570050000 60.57 1.88 1008.6 0.75 0 10 2.55304347826 1.52260869565
1570053600 59.25 1.82 1008.6 0.77 0 10 1.86391304348 1.35130434783
1570057200 58.13 1.92 1008.1 0.78 0 10 1.68916666667 1.29041666667
1570060800 57.13 1.77 1008 0.79 0 10 1.915 0.985
1570064400 55.53 1.94 1008.4 0.8 0 10 1.6665 1.142
1570068000 54.44 1.71 1008 0.82 0.0004 10 1.60391304348 1.08565217391
1570071600 53.81 1.74 1008 0.85 0.0009 10 1.68476190476 1.12
1570075200 53.97 1.87 1008 0.85 0.0008 10 1.7925 1.17666666667
1570078800 54.55 1.71 1008.2 0.85 0.0006 10 1.69652173913 1.26304347826
1570082400 57.65 1.58 1008.4 0.82 0 10 2.41434782609 1.75260869565
1570086000 62.58 1.88 1008.2 0.73 0 10 3.27541666667 2.16541666667
1570089600 67.55 2.8 1007.8 0.62 0 10 2.40166666667 1.74875
1570093200 71.38 4.09 1007.4 0.53 0 10 2.33041666667 1.39875
1570096800 73.96 6.31 1007 0.46 0.0004 10 1.87869565217 1.41434782609
1570100400 76.25 7.99 1006.6 0.39 0.0021 10 1.95291666667 1.37666666667
1570104000 75.83 10.21 1006.5 0.4 0.0058 10 2.31565217391 1.32956521739
1570107600 75.3 9.69 1006.3 0.46 0.0071 10 1.30125 0.884166666667
1570111200 73.18 8.98 1006.3 0.54 0.0051 10 1.68541666667 1.03375
1570114800 69.47 8.29 1006.5 0.66 0.0057 10 1.61409090909 1.00727272727
1570118400 66.51 6.77 1007.1 0.73 0.0103 8.569 1.5 0.8975
1570122000 63.22 5.25 1008 0.85 0.0251 4.835 1.2972 0.9436
1570125600 60.14 4.63 1008.8 0.92 0.0898 3.011 1.29428571429 0.852857142857
1570129200 58.42 5.21 1009.2 0.95 0.0834 4.612 1.15772727273 0.779090909091
1570132800 57.46 6.11 1009.5 0.92 0.0665 7.893 1.07458333333 0.727916666667
1570654800 48.53 2.09 1019.7 0.87 0.0004 10 1.4825 0.915
1570658400 47.59 1.69 1019.7 0.89 0.0004 10 1.4 0.792222222222
1570662000 46.83 1.76 1019.8 0.9 0 10 1.01428571429 0.695714285714
1570665600 46.85 2.52 1019.8 0.89 0 10 1.05363636364 0.821818181818
1570669200 45.97 2.5 1019.8 0.9 0 10 2.14333333333 1.03333333333
1570672800 45.14 2.33 1019.7 0.91 0 10 1.146 0.86
1570676400 44.95 2.11 1019.4 0.91 0 10 1.38 0.762857142857
1570680000 45.23 2.38 1019.6 0.91 0 10 1.475 1.125
1570683600 45.56 2.24 1020 0.91 0 10 1.30428571429 0.941428571429
1570687200 48.24 3.29 1020.2 0.89 0 10 1.78428571429 1.05714285714
1570690800 53.5 3.39 1019.8 0.84 0 10 2.56235294118 1.17764705882
1570694400 60.06 3.39 1019.3 0.75 0.0002 10 2.11956521739 1.40608695652
1570698000 65.45 3.53 1018.6 0.66 0.0003 10 2.2775 1.41
1570701600 69.51 3.99 1018 0.59 0.0002 10 1.88125 1.36083333333
1570705200 72.96 4.56 1017.2 0.53 0 10 1.99 1.37916666667
1570708800 74 3.86 1017 0.54 0 10 1.51166666667 0.9575
1570712400 74.7 4.05 1016.2 0.56 0 10 1.7536 1.194
1570716000 74.58 4.03 1015.5 0.59 0.0005 10 1.7375 1.1725
1570719600 71.8 3.79 1015.3 0.66 0.0011 10 2.734 1.27
1570723200 68.99 3.02 1015.6 0.71 0.0014 10 2.405 1.41
1570726800 65.3 2.38 1016.2 0.76 0.0018 10 3.225 1.87
1570730400 62.41 2.12 1016.9 0.79 0 10 2.00363636364 1.16272727273
1570734000 60.97 1.88 1017.6 0.81 0 10 2.91 1.61375
1570737600 60.42 1.76 1018 0.82 0.0003 10 2.13538461538 1.26
1571259600 53.01 1.66 1019.3 0.78 0 10 1.20375 0.80375
1571263200 51.7 1.33 1019.5 0.79 0 10 1.94333333333 0.971666666667
1571266800 50.63 1.14 1019.5 0.79 0 10 1.06166666667 0.766666666667
1571270400 50.08 1.31 1019.7 0.79 0 10 1.3 0.966666666667
1571274000 48.8 1.16 1019.8 0.81 0 10 0.946 0.64
1571277600 47.81 0.98 1019.8 0.83 0 10 1.08 0.82
1571281200 47.66 1.2 1019.9 0.83 0 10 1.26909090909 0.811818181818
1571284800 47.94 1.13 1020.4 0.83 0 10 1.635 0.92625
1571288400 48.18 1.14 1020.7 0.83 0 10 1.40272727273 0.871818181818
1571292000 50.67 1.09 1020.9 0.77 0.0002 10 1.84538461538 1.20307692308
1571295600 55.55 0.95 1020.7 0.69 0 10 4.46555555556 2.61666666667
1571299200 61.41 1.07 1020.3 0.57 0 10 4.4125 3.301875
1571302800 67.1 1.06 1019.8 0.47 0 10 4.65454545455 3.49227272727
1571306400 71.01 1.13 1019.3 0.4 0 10 4.0708 2.8792
1571310000 74.24 1.25 1018.6 0.34 0 10 2.95652173913 2.0352173913
1571313600 74.96 1.34 1018.2 0.34 0 10 1.78916666667 1.475
1571317200 76.15 1.47 1018 0.33 0 10 1.64666666667 1.195
1571320800 75.51 2.05 1017.7 0.36 0.0002 10 1.6725 1.11666666667
1571324400 72.55 2.24 1017.6 0.42 0.0003 10 1.40875 1.04625
1571328000 69.02 2.95 1018.1 0.5 0.0002 10 1.9575 1.2575
1571331600 64.75 3.08 1018.7 0.6 0 10 1.83714285714 1.22
1571335200 60.96 3.52 1019.2 0.68 0 10 1.55 1.04
1571338800 57.66 2.77 1019.5 0.72 0 10 1.35666666667 0.9
1571342400 56.47 2.73 1019.7 0.74 0 10 1.52727272727 0.9
1571864400 50.16 2.11 1023.2 0.55 0 10 1.08208333333 0.782916666667
1571868000 48.95 1.9 1023.1 0.56 0 10 1.1132 0.7228
1571871600 47.65 1.7 1023.2 0.59 0 10 1.10166666667 0.785833333333
1571875200 47.1 2.58 1023 0.64 0 10 0.95 0.622083333333
1571878800 46.06 2.22 1022.8 0.66 0 10 1.10666666667 0.682916666667
1571882400 44.72 1.76 1023 0.68 0 10 1.06826086957 0.752173913043
1571886000 43.96 1.49 1022.7 0.71 0 10 1.09666666667 0.780833333333
1571889600 43.43 1.28 1023.1 0.72 0 10 1.136 0.844
1571893200 43.84 1.22 1023.4 0.71 0 10 1.69208333333 1.13875
1571896800 45.61 1.27 1023.5 0.69 0 10 1.53208333333 0.9525
1571900400 51.05 1.06 1023.1 0.59 0 10 3.18916666667 2.15458333333
1571904000 57.34 0.94 1022.3 0.48 0 10 4.266 2.4788
1571907600 62.98 1.14 1021.5 0.38 0 10 3.24083333333 1.91625
1571911200 67.65 1.77 1020.6 0.32 0 10 2.42166666667 1.73916666667
1571914800 71.49 2.52 1019.6 0.27 0 10 2.35541666667 1.59458333333
1571918400 72.63 2.53 1019.1 0.26 0 10 1.87869565217 1.45086956522
1571922000 73.7 2.78 1018.7 0.26 0 10 2.89625 1.79041666667
1571925600 72.77 3.07 1018.2 0.27 0 10 2.17958333333 1.26708333333
1571929200 69.48 3.35 1018.1 0.32 0 10 1.6104 1.1276
1571932800 65.17 3.51 1018.5 0.38 0 10 2.30166666667 1.32583333333
1571936400 59.59 3.61 1019.1 0.47 0 10 1.4025 1.04791666667
1571940000 54.78 3.77 1019.6 0.55 0 10 1.96791666667 0.930833333333
1571943600 52.08 3.71 1019.8 0.61 0 10 1.27375 0.861666666667
1571947200 50.45 3.26 1019.9 0.65 0 10 1.0148 0.7296
1572472800 50.22 2.38 1022.3 0.87 0.0002 10 1.79958333333 1.13666666667
1572476400 50.09 2.27 1022.5 0.88 0.0014 10 1.60041666667 1.175
1572480000 49.68 2.52 1022.5 0.89 0.0029 10 1.524 0.9852
1572483600 49.36 2.61 1022.3 0.89 0.0081 10 1.13181818182 0.796818181818
1572487200 48.95 3.22 1022.2 0.89 0.0191 6.76 1.066 0.74
1572490800 48.27 3.84 1022.4 0.9 0.025 5.29 0.915384615385 0.586923076923
1572494400 47.39 3.63 1022.6 0.88 0.0233 6.126 0.914285714286 0.571428571429
1572498000 46.8 3.54 1022.8 0.86 0.0112 7.951 1.04166666667 0.66
1572501600 45.73 3.92 1023.3 0.86 0.0011 10 1.30125 0.631666666667
1572505200 45.48 3.97 1023.6 0.85 0.0012 10 0.9668 0.628
1572508800 45.69 3.95 1023.5 0.84 0 10 1.20083333333 0.823333333333
1572512400 45.17 4.02 1023.5 0.85 0.0003 10 0.942916666667 0.665
1572516000 45.44 4.14 1023.2 0.85 0.0003 10 1.04166666667 0.64875
1572519600 45.66 4.55 1023 0.85 0.0004 10 1.0176 0.576
1572523200 45.85 4.88 1022.7 0.83 0.0004 10 0.934583333333 0.554166666667
1572526800 45.58 5.23 1022.7 0.8 0.0003 10 0.9125 0.56375
1572530400 45.47 4.86 1022.8 0.82 0.0003 10 0.915416666667 0.595833333333
1572534000 45.23 4.7 1022.6 0.82 0.0004 10 0.9988 0.6024
1572537600 44.82 4.47 1023 0.82 0 10 0.902916666667 0.605833333333
1572541200 44.22 4.23 1023.3 0.82 0.0005 10 1.00791666667 0.682083333333
1572544800 43.71 4 1023.6 0.82 0.0006 10 0.94875 0.64625
1572548400 43.27 4.16 1023.7 0.82 0.0002 10 0.922083333333 0.624583333333
1572552000 42.87 4 1023.7 0.83 0.0003 10 1.00208333333 0.7275
1572555600 42.49 3.77 1023.6 0.83 0 10 1.112 0.7132
1573146000 59.93 2.49 1010.2 0.76 0 10 1.385 0.735
1573149600 58.67 1.65 1010.7 0.77 0 10 2.1956 1.0452
1573153200 57.59 1.8 1010.8 0.79 0 10 2.9825 1.46666666667
1573156800 56.77 2.08 1011 0.81 0.0008 10 1.084 0.6896
1573160400 55.68 2.57 1011.1 0.83 0.0019 10 1.13458333333 0.830416666667
1573682400 47.51 1.48 1011 0.85 0 10 1.13875 0.78875
1573686000 46.57 1.71 1011.1 0.85 0 10 1.6048 0.9704
1573689600 46.29 1.81 1011.2 0.86 0 10 1.25291666667 0.75
1573693200 47.13 1.77 1011.3 0.86 0 10 1.17333333333 0.8925
1573696800 47.52 2.07 1011.2 0.85 0 10 1.66 0.903333333333
1573700400 47.73 2.65 1011.1 0.86 0 10 1.3656 0.8108
1573704000 47.5 2.49 1011.4 0.86 0 10 1.78583333333 1.03208333333
1573707600 47.41 2.04 1011.5 0.86 0.0007 10 1.33583333333 1.05916666667
1573711200 47.65 1.83 1011.7 0.86 0.001 10 1.99375 1.23208333333
1573714800 49.52 2.07 1011.6 0.86 0.0013 10 2.394 1.3756
1573718400 52.24 2.36 1011.5 0.84 0.0009 10 1.6975 1.25625
1573722000 54.83 2.75 1011.2 0.8 0.0008 10 1.632 1.2208
1573725600 56.17 2.45 1010.9 0.78 0.0016 10 3.62875 2.42166666667
1573729200 53.55 2.13 1010.5 0.85 0.0054 9.201 2.8292 1.7036
1573732800 53.38 2.09 1010.4 0.86 0.0109 7.445 2.32333333333 1.71458333333
1573736400 51.77 2.67 1010.7 0.9 0.0208 8.519 1.34045454545 0.911818181818
1573740000 52.13 2.22 1010.6 0.89 0.0208 10 1.71133333333 1.12933333333
1573743600 52.12 1.69 1010.7 0.89 0.0184 10 1.75833333333 1.02125
1573747200 51.73 1.58 1010.9 0.89 0.0124 10 1.6568 1.2324
1573750800 51.22 1.74 1011.5 0.89 0.0062 10 1.82791666667 1.21333333333
1573754400 50.6 1.72 1012 0.89 0.0026 10 2.42916666667 1.28458333333
1573758000 49.48 2.2 1012.5 0.89 0.0007 10 1.8408 1.1084
1573761600 48.82 2.21 1013 0.89 0 10 1.63166666667 1.31916666667
1573765200 47.72 2.57 1013.1 0.88 0 10 2.376 1.6784
1574287200 45.85 2.51 1018.7 0.91 0.0004 10 83.1168 45.9728
1574290800 45.28 2.34 1018.6 0.91 0.0004 10 79.489 44.063
1574294400 44.99 2.25 1018.6 0.9 0.0004 10 48.449047619 28.0633333333
1574298000 44.37 2.25 1018.4 0.9 0.0002 10 38.5722222222 22.37
1574301600 44.36 2.07 1018.5 0.9 0 10 31.1675 16.6166666667
1574305200 44.18 1.96 1018.5 0.9 0 10 32.8266666667 18.4513333333
1574308800 43.86 1.86 1018.4 0.91 0 10 61.96125 31.41875
1574312400 43.08 2.18 1018.5 0.92 0.0004 10 53.714 28.73
1574316000 43.77 2.94 1018.7 0.92 0.0006 10 57.3376190476 34.0185714286
1574319600 45.74 3.16 1018.5 0.93 0.0008 10 53.4752173913 33.3347826087
1574323200 49.04 3.35 1018.4 0.9 0.001 10 73.9820833333 46.0479166667
1574326800 51.62 4.06 1018.1 0.89 0.001 10 20.5325 13.3429166667
1574330400 54.03 5.37 1017.5 0.86 0.0009 10 18.4264 11.9712
1574334000 55.89 6.81 1016.7 0.82 0.001 10 17.985 12.885
1574337600 53.67 7.74 1016.2 0.86 0.0012 10 21.85 15.1936
1574341200 52.64 7.39 1016.6 0.84 0.0005 10 18.046 11.9177777778
1574344800 51.91 6.62 1016.5 0.86 0.0006 10 20.5129787234 12.7695744681
1574348400 51.51 5.81 1016.5 0.87 0.0005 10 26.3442 16.9404
1574352000 50.88 5.51 1016.7 0.88 0.0002 10 21.3665957447 14.28
1574355600 50.44 5.49 1017 0.88 0 10 22.4246938776 14.937755102
1574359200 50.05 5.2 1017 0.88 0 10 18.4132653061 13.1579591837
1574362800 49.69 4.78 1017.1 0.88 0 10 21.6123404255 15.1031914894
1574366400 49.44 4.65 1017.3 0.88 0 10 26.7082222222 18.0844444444
1574370000 48.39 4.23 1017.1 0.9 0.0003 10 24.2872916667 16.4791666667
1574892000 40.92 1.98 1014 0.89 0 10 42.1565625 17.956875
1574895600 41.22 2.08 1013.8 0.88 0 10 48.1870731707 19.4307317073
1574899200 41.56 2.01 1013.6 0.88 0 10 53.6733333333 17.1327777778
1574902800 43.39 2.27 1013.5 0.87 0.0012 10 67.69 16.05875
1574906400 43.1 2.24 1013.5 0.88 0.0064 10 72.3527777778 24.4472222222
1574910000 42.84 2.29 1013.5 0.88 0.0111 10 18.5323076923 8.93692307692
1574913600 42.7 1.83 1013.6 0.88 0.008 10 38.2981818182 20.4727272727
1574917200 42.56 1.44 1013.8 0.89 0.0032 10 39.2373333333 20.0757777778
1574920800 41.82 1.54 1013.8 0.9 0.0013 10 42.1246341463 21.2719512195
1574924400 44.05 1.82 1013.5 0.88 0 10 30.3504545455 17.1009090909
1574928000 47.27 2.2 1013 0.87 0 10 32.4406666667 18.3288888889
1574931600 50.27 3.03 1012.6 0.84 0.0004 10 43.9097297297 23.8248648649
1574935200 53.41 4.34 1011.7 0.79 0.0005 10 27.1797142857 15.9928571429
1574938800 56.35 5.97 1010.7 0.75 0.0005 10 19.8263888889 11.9347222222
1574942400 55.29 6.85 1010 0.76 0.0004 10 18.8984210526 10.8352631579
1574946000 56.14 3.48 1009.9 0.74 0.0002 10 18.1816666667 10.4286111111
1574949600 54.91 3.82 1009.9 0.75 0 10 21.2121212121 10.6136363636
1574953200 53.59 3.84 1009.9 0.76 0 10 21.8980952381 10.9980952381
1574956800 52.16 3.73 1009.7 0.78 0 10 23.9863636364 13.4104545455
1574960400 50.83 3.51 1009.5 0.78 0 10 34.9122857143 19.4894285714
1574964000 49.87 3.03 1009.1 0.79 0 10 24.6890322581 14.1574193548
1574967600 49.18 3.04 1009.1 0.81 0 10 21.6343478261 13.2413043478
1574971200 48.88 2.87 1008.8 0.83 0 10 17.5472 10.8364
1574974800 48.59 2.75 1008.5 0.83 0.0005 10 15.0794117647 9.80176470588
1575496800 22.78 2.72 1033.7 0.82 0 10 65.3779452055 29.1838356164
1575500400 21.88 2.34 1033.9 0.82 0 10 52.9456756757 24.3460810811
1575504000 25.13 1.8 1033.5 0.8 0.0002 10 45.747027027 21.0355405405
1575507600 24.5 1.82 1033.5 0.8 0 10 34.9076712329 16.7617808219
1575511200 23.13 2.03 1033.3 0.81 0 10 54.3517808219 24.0490410959
1575514800 22.07 2.39 1033.3 0.82 0 10 47.9163380282 22.1787323944
1575518400 21.35 2.4 1033.5 0.83 0 10 73.7349315068 30.1134246575
1575522000 20.72 2.37 1033.8 0.84 0 10 75.6591780822 30.2954794521
1575525600 20.29 2.68 1034.2 0.84 0 10 83.7757534247 33.15
1575529200 22.25 2.27 1034.2 0.83 0 10 82.6043835616 33.8102739726
1575532800 26 2.05 1034 0.81 0 10 114.995555556 46.8784722222
1575536400 29.52 1.69 1033.6 0.79 0 10 118.155945946 47.2124324324
1575540000 33.1 1.83 1032.6 0.74 0 10 113.68109589 45.8854794521
1575543600 36.34 2.05 1031.4 0.68 0.0002 10 119.145 50.4444594595
1575547200 34.2 2.65 1031.4 0.72 0.0003 10 137.433013699 57.3045205479
1575550800 33.63 2.54 1031.1 0.73 0.0004 10 142.204864865 60.0193243243
1575554400 32.01 2.24 1031 0.76 0.0003 10 193.725753425 82.3426027397
1575558000 30.48 2.08 1031 0.78 0.0003 10 238.227866667 99.8562666667
1575561600 28.67 2.11 1031.3 0.79 0.0003 10 205.383287671 86.6298630137
1575565200 26.79 2.12 1031.8 0.79 0.0003 10 172.640945946 73.4193243243
1575568800 25.22 1.87 1032.2 0.79 0.0003 10 222.980684932 95.6556164384
1575572400 24.36 1.89 1032.2 0.8 0 10 230.021805556 97.7348611111
1575576000 23.72 1.46 1032.3 0.82 0 10 209.640140845 88.7753521127
1575579600 23.43 1.37 1032.1 0.84 0 10 198.593108108 84.3278378378
1576101600 37.29 4.03 1014 0.89 0.0031 1.963 17.2911827957 11.3775268817
1576105200 37.11 3.92 1013.7 0.87 0.002 4.407 17.3881521739 11.385326087
1576108800 37.05 3.7 1013.2 0.87 0.0014 6.396 15.8033695652 10.3370652174
1576112400 38.11 3.46 1012.5 0.87 0.0008 7.589 13.4221428571 8.90030612245
1576116000 37.46 3.2 1011.8 0.87 0.0006 8.381 14.5806382979 9.17638297872
1576119600 37.01 2.97 1011.3 0.87 0.0006 8.941 19.462020202 11.9531313131
1576123200 36.71 2.85 1011.1 0.87 0.0007 9.083 21.2520731707 12.3013414634
1576126800 36.45 2.78 1011.2 0.87 0.0011 8.996 23.4271717172 13.2602020202
1576130400 35.91 3.26 1011.3 0.88 0.001 9.812 23.1129591837 13.4963265306
1576134000 36.33 3 1011 0.89 0.0008 10 24.9272164948 14.4241237113
1576137600 38.39 2.83 1010.7 0.89 0.0004 10 20.7716326531 12.258877551
1576141200 40.21 2.65 1010.2 0.88 0.0002 10 20.3424742268 12.0756701031
1576144800 42.46 2.48 1009.6 0.85 0 10 19.9578947368 12.0061052632
1576148400 44.63 2.47 1009 0.82 0 10 20.3204081633 12.65
1576152000 42.65 2.55 1008.4 0.86 0 10 22.8958762887 13.203814433
1576155600 43.13 3.39 1008.5 0.89 0 10 23.542020202 13.896969697
1576159200 42.92 2.81 1008 0.9 0.0007 10 26.1758163265 15.4925510204
1576162800 42.43 2.34 1007.8 0.91 0.0011 10 32.3383505155 18.258556701
1576166400 41.81 2.53 1007.8 0.9 0.001 10 30.0264646465 17.1376767677
1576170000 41.1 2.74 1007.8 0.89 0.0007 10 37.212 19.5341052632
1576173600 40.42 3.23 1007.9 0.89 0.0004 10 37.5001020408 20.211122449
1576177200 39.95 3.19 1007.7 0.88 0.0005 10 48.0155670103 25.7493814433
1576180800 39.45 2.89 1007.3 0.89 0.0008 10 48.7741836735 28.2233673469
1576184400 38.82 2.42 1007 0.89 0.001 10 62.0182653061 36.1431632653
1576706400 38.93 2.58 1028.8 0.75 0 10 108.2340625 53.3509375
1576710000 38.65 2.77 1028.7 0.74 0 10 103.672795699 51.7948387097
1576713600 38.33 2.73 1028.9 0.74 0 10 95.7537755102 50.0246938776
1576717200 37.4 2.77 1029.2 0.77 0 10 78.1064835165 41.6234065934
1576720800 36.83 2.39 1029.4 0.77 0 10 69.1768041237 37.3263917526
1576724400 36.58 2.08 1029 0.76 0 10 67.0926506024 36.0097590361
1576728000 35.38 1.82 1029.2 0.76 0 10 76.3153125 40.7116666667
1576731600 34.59 1.76 1029.2 0.76 0 10 75.4756701031 40.8044329897
1576735200 35.27 1.69 1029.3 0.72 0 10 107.571808511 57.5511702128
1576738800 35.67 1.56 1029.6 0.75 0 10 149.504148936 80.4709574468
1576742400 40.31 1.03 1029.5 0.68 0 10 118.622967033 65.8576923077
1576746000 43.98 1.11 1029.1 0.62 0 10 223.885744681 128.230744681
1576749600 47.78 0.98 1028.4 0.56 0 10 266.72326087 157.022717391
1576753200 50.78 1.09 1027.7 0.52 0 10 222.698311688 135.034935065
1576756800 51.72 1.22 1027.2 0.53 0 10 192.547157895 113.344
1576760400 49.71 1.26 1026.7 0.6 0 10 193.893505155 111.91814433
1576764000 48.54 1.16 1027 0.63 0 10 228.149473684 124.508947368
1576767600 45.81 1.24 1026.7 0.7 0 10 246.771263158 130.698421053
1576771200 44.6 1.52 1026.6 0.71 0 10 219.585319149 118.187553191
1576774800 42.66 1.46 1026.6 0.73 0 10 225.159381443 119.461546392
1576778400 41.22 1.67 1026.8 0.75 0.0002 10 188.4640625 94.1738541667
1576782000 39.91 2.14 1027 0.77 0 10 184.335268817 92.8834408602
1576785600 39.56 2.07 1026.7 0.79 0 10 156.73371134 82.6693814433
1576789200 38.91 1.79 1026.4 0.8 0 10 136.289462366 72.4793548387
1577311200 37.51 4.07 1013.9 0.87 0.0064 0.35 13.8070707071 8.16696969697
1577314800 37.54 4.14 1014 0.87 0.0072 0.349 12.8052040816 8.22275510204
1577318400 37.34 4.5 1014.1 0.87 0.0075 0.384 9.4493 6.4838
1577322000 37.78 5.85 1013.8 0.87 0.0053 1.511 7.13412371134 4.99525773196
1577325600 38.07 6.16 1014.1 0.86 0.0043 2.875 6.71545454545 4.66636363636
1577329200 38.24 6.19 1014.5 0.85 0.0039 3.6 7.42897959184 5.06969387755
1577332800 38.19 5.9 1014.8 0.85 0.0037 2.891 6.82555555556 4.81232323232
1577336400 38.01 5.77 1015.2 0.86 0.0036 1.548 5.34479591837 4.01346938776
1577340000 37.7 8.19 1015.5 0.87 0.0033 3.423 7.0004 5.127
1577343600 38.16 7.96 1016 0.86 0.0025 2.908 8.8293877551 6.02857142857
1577347200 39.3 7.13 1016.6 0.85 0.002 2.284 9.26397959184 6.29765306122
1577350800 40.8 7.1 1017 0.82 0.0024 2.218 8.5888 5.7142
1577354400 41.45 8.12 1017 0.8 0.0039 3.428 7.08673469388 4.85
1577358000 38.7 9.45 1016.8 0.83 0.0077 5.188 6.36673469388 4.29989795918
1577361600 38.79 10.35 1016.8 0.81 0.0106 6.738 8.00711340206 5.74309278351
1577365200 38.89 13.27 1017.3 0.81 0.0058 8.668 9.08066666667 6.29275
1577368800 38.35 11.26 1018.2 0.8 0.0037 9.06 11.8860483871 7.9125
1577372400 37.65 9.58 1019 0.81 0.003 9.335 11.2225619835 7.58148760331
1577376000 36.92 8.36 1019.6 0.81 0.0021 9.699 8.94456 6.03
1577379600 36.22 7.22 1020.1 0.83 0.0011 9.946 9.91169354839 6.39024193548
1577383200 35.62 6.75 1020.5 0.83 0.0006 9.875 9.72338842975 6.32512396694
1577386800 35.5 6.79 1020.9 0.82 0.0002 10 12.9748387097 7.62451612903
1577390400 35.54 7.47 1021.3 0.81 0.0004 10 11.19264 6.46712
1577394000 35.36 7.75 1021.8 0.81 0.0007 10 12.4680991736 7.26975206612
1577916000 25.54 3.54 1034 0.82 0 10 34.2649586777 18.1682644628
1577919600 24.27 3.66 1034 0.83 0 10 27.430483871 14.6911290323
1577923200 23.37 3.41 1034.2 0.82 0 10 27.1700854701 14.3877777778
1577926800 25.84 3.01 1033.8 0.8 0 10 28.1609917355 15.0873553719
1577930400 23.56 3.02 1034.2 0.8 0 10 29.1438461538 15.6568376068
1577934000 22.19 2.91 1034.5 0.79 0.0003 10 33.488907563 17.7149579832
1577937600 21.31 2.51 1034.8 0.79 0.0002 10 37.9100854701 19.5730769231
1577941200 20.94 2.58 1035.2 0.79 0 10 39.5686065574 20.216147541
1577944800 20.41 4.4 1035.4 0.82 0 10 39.2091666667 19.944
1577948400 22 4.36 1035.3 0.81 0 10 32.8515151515 17.0760606061
1577952000 25.34 4.04 1035.1 0.78 0.0002 10 30.7508130081 16.5844715447
1577955600 28.86 3.84 1034.7 0.76 0.0003 10 29.4336440678 15.8516101695
1577959200 32.36 4.07 1034 0.7 0.0003 10 25.0490983607 13.6213934426
1577962800 35.37 4.2 1033.1 0.64 0.0002 10 22.3490756303 12.4389915966
1577966400 34.36 4.53 1032.4 0.66 0.0002 10 23.7000862069 13.1062931034
1577970000 34.62 5.85 1031.9 0.67 0 10 27.5744715447 15.1326829268
1577973600 32.97 5.06 1032.1 0.7 0 10 36.285 19.2945081967
1577977200 30.82 4.09 1032.2 0.74 0 10 40.5918181818 21.1824793388
1577980800 28.68 3.74 1032.6 0.76 0 10 43.2141525424 22.6543220339
1577984400 26.78 3.34 1033.1 0.78 0 10 46.2608 24.44376
1577988000 25.31 2.73 1033.3 0.79 0 10 61.9518032787 30.3892622951
1577991600 23.96 2.47 1033.3 0.79 0 10 55.626446281 26.8114876033
1577995200 23.02 2.45 1033.2 0.78 0 10 43.8091869919 22.0659349593
1577998800 22.27 2.02 1032.9 0.79 0 10 44.4764166667 22.0515833333
1578520800 20.58 2.26 1033.7 0.76 0 10 73.7591780822 33.0045890411
1578524400 20.14 2.31 1033.6 0.77 0 10 55.640890411 24.9106849315
1578528000 19.83 2.05 1033.5 0.77 0 10 42.0192253521 20.0917605634
1578531600 20 1.79 1033.2 0.77 0 10 37.8168918919 18.5752027027
1578535200 19.2 1.95 1032.8 0.77 0 10 59.2985714286 27.791292517
1578538800 18.6 2.16 1032.5 0.77 0 10 61.4195205479 28.8107534247
1578542400 17.94 2.09 1032.5 0.77 0 10 57.9002941176 28.0711764706
1578546000 17.56 2.11 1032.8 0.75 0 10 67.6071812081 32.7548993289
1578549600 17.48 2.41 1032.8 0.75 0 10 75.5000684932 35.8748630137
1578553200 19.09 2.84 1032.7 0.73 0 10 66.5661744966 33.4628187919
1578556800 23.02 2.63 1032.3 0.68 0 10 58.8572108844 31.5136734694
1578560400 27.66 2.97 1031.6 0.6 0 10 58.5720945946 31.3667567568
1578564000 31.41 3.17 1030.6 0.55 0 10 53.2998639456 28.5208843537
1578567600 35 3.22 1029.5 0.5 0 10 46.7384666667 25.2872666667
1578571200 36.56 3.22 1028.8 0.47 0 10 49.8308333333 26.7345138889
1578574800 37.53 3.05 1028.2 0.47 0 10 39.2655244755 19.6277622378
1578578400 36.31 3.09 1028.2 0.52 0 10 54.8770833333 26.9755555556
1578582000 32.77 2.71 1028.4 0.63 0 10 90.8260810811 43.0837837838
1578585600 31.13 2.31 1028.7 0.65 0 10 116.714899329 51.1371812081
1578589200 29.5 1.95 1029 0.66 0 10 97.4779020979 44.3581818182
1578592800 28.35 2.2 1029 0.67 0 10 109.750738255 51.5604697987
1578596400 27.41 2.22 1028.9 0.69 0 10 143.45244898 65.9302721088
1578600000 26.73 2.12 1028.7 0.7 0 10 130.54260274 59.7915068493
1578603600 26.45 2.01 1028.5 0.7 0 10 133.879391892 59.7007432432
1579125600 29.52 1.9 1031.3 0.86 0 10 183.111102941 51.7557352941
1579129200 29.04 1.83 1031.2 0.86 0 10 170.337279412 47.3253676471
1579132800 29.07 1.83 1031.3 0.89 0.0002 10 142.456783217 41.7251748252
1579136400 27.7 1.46 1031.2 0.87 0 10 144.795323741 39.5953956835
1579140000 27.37 1.43 1030.9 0.87 0 10 134.342587413 38.3706993007
1579143600 28.38 1.58 1030.5 0.88 0 10 116.008345324 34.591942446
1579147200 28.22 1.53 1030.5 0.87 0 10 102.655986395 32.2604081633
1579150800 27.51 2.04 1031.1 0.87 0 10 90.8286896552 31.8992413793
1579154400 27.54 1.72 1031.5 0.86 0 10 117.116122449 39.0780952381
1579158000 28.61 1.52 1031.9 0.85 0 10 135.517006803 44.6345578231
1579161600 31.34 1.51 1031.8 0.84 0 10 121.881428571 44.5431292517
1579165200 34.1 1.91 1031.3 0.82 0 10 117.737006803 46.7691156463
1579168800 37.26 2.07 1030.4 0.76 0 10 125.782721088 51.4076190476
1579172400 40.33 2.03 1029.3 0.71 0 10 136.297622378 56.4837062937
1579176000 42.25 1.83 1028.8 0.66 0 10 149.649160839 62.8402097902
1579179600 40.54 2.18 1028.8 0.71 0 10 172.944751773 71.4089361702
1579183200 40.3 2.03 1028.8 0.73 0 10 213.866428571 81.4498571429
1579186800 38.73 1.86 1028.8 0.76 0 10 238.921317829 83.9875968992
1579190400 35.59 1.76 1029 0.79 0 10 267.671726619 90.3683453237
1579194000 33.96 1.79 1029.6 0.78 0 10 278.729861111 91.7680555556
1579197600 31.77 1.91 1030.1 0.79 0 10 280.302368421 86.2145614035
1579201200 29.82 2.09 1031.5 0.81 0 10 284.450392157 92.8854901961
1579204800 29.05 1.94 1031.5 0.82 0 10 276.427477477 83.4618018018
1579208400 28.52 1.88 1031.5 0.84 0 10 258.200825688 72.939266055
1579730400 28.25 4.66 1027.1 0.45 0 10 41.8659310345 18.6912413793
1579734000 28.86 5.29 1027.5 0.42 0 10 13.4132142857 6.28261904762
1579737600 30.45 6.46 1027.7 0.4 0 10 12.2562711864 5.78677966102
1579741200 30.99 7.83 1027.7 0.44 0 10 14.1929565217 7.29017391304
1579744800 30.95 8.47 1028.2 0.53 0.0002 10 17.8746218487 9.04991596639
1579748400 30.31 8.56 1029.1 0.62 0 10 19.3309701493 9.89134328358
1579752000 29.88 8.26 1030.5 0.67 0 10 23.4588356164 11.8843150685
1579755600 28.82 7.13 1031.3 0.72 0 10 31.6319178082 15.3715068493
1579759200 27.14 6.14 1032.5 0.75 0 10 36.5587755102 17.7618367347
1579762800 27.53 6.98 1033 0.75 0 10 37.7106122449 18.3004081633
1579766400 30.38 6.84 1033.6 0.72 0 10 34.7274829932 16.7970068027
1579770000 32.84 7.24 1034 0.68 0 10 36.3902739726 16.517739726
1579773600 35.72 7.44 1034 0.63 0 10 32.3452777778 15.1772916667
1579777200 37.86 7.27 1033.7 0.57 0 10 28.8535172414 14.3136551724
1579780800 35.96 6.68 1033.4 0.61 0 10 26.931875 13.4590277778
1579784400 36.67 6.35 1033.4 0.63 0 10 27.4080272109 13.6837414966
1579788000 36.43 5.35 1033.7 0.62 0 10 34.8368531469 16.287972028
1579791600 34.74 4.55 1034 0.63 0 10 43.8924161074 20.245033557
1579795200 32.1 3.27 1034.6 0.66 0 10 51.0840410959 23.67
1579798800 29.27 3.27 1035 0.68 0 10 59.1313380282 26.5483802817
1579802400 27.22 3.07 1035.4 0.69 0 10 66.1015492958 29.9894366197
1579806000 25.87 2.49 1035.7 0.7 0 10 55.7676923077 25.3542657343
1579809600 24.71 2.23 1036 0.71 0 10 58.9499315068 26.6242465753
1579813200 24.04 1.86 1036.2 0.72 0 10 69.2254918033 32.5960655738
1580335200 35.61 4.79 1013.7 0.86 0.006 8.306 4.94820359281 2.73491017964
1580338800 36.27 5.98 1014.5 0.83 0.0067 10 4.5071686747 2.80674698795
1580342400 36.4 6.91 1015.3 0.83 0.0067 10 5.08962962963 3.57592592593
1580346000 38.16 6.83 1015.3 0.81 0 10 10.4121084337 6.865
1580349600 37.66 6.65 1015.8 0.8 0 10 10.3870731707 6.77987804878
1580353200 35.74 6.45 1016.4 0.81 0.0003 10 9.26803680982 6.17595092025
1580356800 34.47 5.67 1016.9 0.8 0.0002 10 9.52333333333 6.1737654321
1580360400 32.52 3.86 1017.4 0.79 0.0002 10 8.40392638037 5.30141104294
1580364000 30.2 3.33 1018 0.82 0.0003 10 6.27987804878 3.89317073171
1580367600 31.4 5.15 1018.4 0.79 0.0002 10 8.12469512195 4.70963414634
1580371200 34.1 6.32 1018.8 0.76 0 10 6.53555555556 3.74175438596
1580374800 36.5 7.39 1019.1 0.71 0.0002 10 8.28103030303 4.99993939394
1580378400 38.45 8.61 1019.3 0.69 0.0007 10 10.6821176471 6.08029411765
1580382000 39.79 9.85 1019.4 0.66 0.0023 9.484 8.68724550898 4.9151497006
1580385600 38.07 10.74 1019.5 0.69 0.0036 9.384 5.888 3.36335294118
1580389200 38.85 14.06 1019.8 0.66 0.0037 9.362 8.80325153374 3.86128834356
1580392800 38.2 11.92 1020.1 0.67 0.0012 10 14.3097005988 4.78640718563
1580396400 36.99 9.89 1020.4 0.68 0.0003 10 8.11819277108 4.10801204819
1580400000 35.74 8.18 1021.2 0.71 0.0002 10 13.5136144578 6.67560240964
1580403600 34.46 6.69 1022.2 0.73 0.0002 10 13.4239880952 6.50529761905
1580407200 33.15 5.72 1022.5 0.75 0 10 13.9320606061 7.46593939394
1580410800 32.21 4.54 1023.2 0.75 0 10 8.48737804878 4.71530487805
1580414400 30.93 3.59 1023.2 0.74 0 10 7.39608433735 4.07024096386
1580418000 29.5 3.22 1023.2 0.75 0.0002 10 8.4248427673 4.80591194969
1580940000 34.01 7.7 1004.9 0.85 0.0374 0.503 5.89830985915 2.55408450704
1580943600 33.05 8.24 1006.5 0.84 0.0308 0.874 7.33563636364 4.19654545455
